1466196361401 -41 17141043 24609462.105969146
1466196364401 -41 37364232 53928504
1466196367408 -41 59450303 58759084.80212837
1466196370412 -41 80399204 55789350.19973369
1466196373413 -43 103089093 60486208.59713429
1466196376418 -41 126011202 61023917.470881864
1466196379423 -41 149045495 61322577.03826955
1466196382428 -41 171465330 59686748.75207987
1466196385431 -41 194594621 61616492.84049284
1466196388436 -41 217976236 62247227.95341098
1466196391441 -41 240801269 60765478.86855242
1466196394444 -41 257071710 43344498.168498166
1466196397447 -41 265981655 23736117.216117214
1466196400450 -39 283827632 47541730.26973027
1466196403454 -41 307574983 63241946.73768309
1466196406456 -41 330602080 61364682.211858764
1466196409460 -41 354234201 62935075.898801595
1466196412463 -41 377389076 61684648.684648685
1466196415467 -41 401055541 63026537.9494008
1466196418471 -41 424787030 63199704.394141145
1466196421474 -41 448335691 62733695.63769563
1466196424479 -41 471993834 62983408.98502496
1466196427486 -41 494986751 61171711.34020618
1466196430487 -41 518517896 62728810.39653449
1466196433489 -41 541548525 61374094.603597604
1466196436495 -41 564646386 61471353.29341318
1466196439504 -41 587258445 60118468.59421735
1466196442510 -41 609435288 59020207.58483034
1466196445513 -41 631253499 58123772.22777223
1466196448512 -41 652873338 57672128.04268089
1466196451516 -41 674284875 57021403.4620506
1466196454530 -41 695574638 56508992.70072993
1466196457525 -41 716604649 56173652.08681135
1466196460530 -41 738031572 57043389.01830283
1466196463533 -41 759185625 56354453.54645354
1466196466537 -41 780175930 55899613.8482024
1466196469542 -41 801234401 56062485.191347755
1466196472546 -41 822302452 56106660.452729695
1466196475550 -41 843633343 56806633.82157124
1466196478557 -41 854640740 29284727.635517124
1466196481559 -41 861931914 19430177.215189874
1466196484565 -41 882128340 53749636.72654691
1466196487566 -41 902851813 55244179.940019995
1466196490567 -41 923168465 54159685.43818727
1466196493570 -41 944018678 55545022.977022976
1466196496571 -41 964901695 55669488.83705432
1466196499576 -41 985857392 55788877.2046589
1466196502580 -41 1007064121 56475976.03195739
1466196505581 -41 1027913190 55578991.002999
1466196508586 -41 1048535415 54901098.16971714
1466196511592 -41 1069340826 55370355.28942116
1466196514596 -41 1090517403 56395677.76298269
1466196517599 -41 1111587430 56130608.058608055
1466196520602 -41 1132800141 56510718.614718616
1466196523607 -41 1153842670 56020043.92678869
1466196526612 -41 1175010757 56354308.153078206
1466196529616 -41 1196079072 56107363.51531292
1466196532618 -41 1217162835 56185910.72618255
1466196535623 -41 1238504428 56816220.96505824
1466196538625 -41 1259614193 56255203.197868094
1466196541628 -41 1280306504 55124371.628371626
1466196544630 -41 1301529067 56555797.468354434
1466196547641 -41 1322885794 56743213.55031551
1466196550638 -41 1343909417 56119113.78044712
1466196553653 -41 1364972072 55887641.79104477
1466196556643 -41 1386395671 57320666.22073578
1466196559645 -41 1407657892 56661481.67888075
1466196562648 -43 1428806541 56340057.27605727
1466196565651 -41 1450254478 57137361.3053613
1466196568654 -41 1471688769 57101008.325008325
1466196571659 -45 1492781880 56154704.82529119
1466196574662 -41 1514018073 56573274.72527473
1466196577666 -41 1534873226 55539688.41544607
1466196580669 -39 1549558237 39120908.42490842
1466196583673 -41 1558711319 24375717.709720373
1466196586676 -41 1575989535 46029213.45321345
1466196589682 -41 1596736842 55215720.55888224
1466196592692 -41 1617864405 56152991.36212625
1466196595688 -41 1638983762 56393476.63551402
1466196598692 -41 1660212845 56535507.323568575
1466196601698 -39 1681313818 56156947.43845642
1466196604706 -41 1702405159 56093992.02127659
1466196607703 -41 1723332412 55861869.86986987
1466196610705 -41 1744809683 57234566.289140575
1466196613710 -41 1766191546 56923428.95174709
1466196616713 -41 1787422485 56559278.055278055
1466196619716 -41 1808895892 57205213.45321345
1466196622718 -41 1830298765 57036303.79746836
1466196625724 -41 1851513120 56458695.94145044
1466196628726 -41 1872838888 56830827.44836776
1466196631732 -39 1893960691 56212383.233532935
1466196634734 -41 1914943872 55917870.75283145
1466196637738 -41 1936497205 57399022.63648469
1466196640754 -41 1957733120 56328687.00265252
1466196643747 -45 1978866275 56486882.72636151
1466196646751 -41 2000347162 57206090.545938745
1466196649752 -41 2022263145 58423146.95101633
1466196652756 -45 2043420606 56344769.64047936
1466196655761 -41 2064549149 56249032.945091516
1466196658767 -41 2085654966 56169838.98868929
1466196661772 -43 2105407097 52584708.153078206
1466196664772 -41 2123465358 48155362.666666664
1466196667779 -41 2143325371 52836748.91918856
1466196670782 -41 2164276262 55813229.43722943
1466196673787 -41 2185106765 55455582.02995008
1466196676789 -41 2206452658 56884458.36109261
1466196679792 -41 2227491123 56046526.8065268
1466196682794 -41 2248848892 56916106.59560294
1466196685799 -39 2270171445 56765532.11314476
1466196688803 -41 2291312490 56301051.93075899
1466196691806 -41 2312830851 57324971.028971024
1466196694810 -41 2333905940 56125403.4620506
1466196697812 -41 2354880033 55893652.23184544
1466196700816 -41 2369083361 37825107.85619175
1466196703816 -41 2378558163 25266138.666666668
1466196706822 -41 2397100546 49347659.34797073
1466196709823 -41 2418667791 57493488.83705432
1466196712826 -41 2440047982 56956885.78088578
1466196715830 -41 2461282745 56550633.82157124
1466196718836 -41 2482607570 56752694.61077844
1466196721839 -41 2504061893 57154373.62637363
1466196724844 -41 2525155990 56157329.78369384
1466196727846 -41 2546489677 56851930.712858096
1466196730849 -41 2567744618 56623219.44721945
1466196733856 -41 2588947553 56409537.74526106
1466196736860 -41 2610466858 57308402.13049268
1466196739867 -41 2631509275 55982486.1988693
1466196742873 -41 2652406976 55615970.72521624
1466196745879 -41 2673894353 57185301.39720559
1466196748887 -41 2695076012 56334199.4680851
1466196751899 -41 2715906567 55326839.30942895
1466196754905 -41 2736932570 55957426.48037259
1466196757908 -41 2758146433 56513787.54578754
1466196760912 -39 2778982210 55488087.8828229
1466196763915 -41 2800088949 56228408.92440892
1466196766917 -41 2821187368 56224967.35509661
1466196769920 -41 2842616759 57087954.71195471
1466196772925 -41 2863870666 56582780.698835276
1466196775929 -41 2885277927 57010015.97869507
1466196778935 -41 2906190788 55656316.69993347
1466196781940 -41 2927387829 56431390.34941764
1466196784943 -41 2948770044 56962277.72227772
1466196787942 -41 2969937093 56464285.428476155
1466196790945 -41 2991066504 56288807.19280719
1466196793949 -41 3012115047 56054708.38881491
1466196796954 -41 3033311514 56429862.229617305
1466196799957 -41 3054125439 55448351.64835165
1466196802960 -41 3075385576 56637061.605061606
1466196805964 -41 3096565627 56404929.42743009
1466196808968 -41 3117814248 56587539.28095872
1466196811972 -41 3139176687 56890649.80026631
1466196814972 -41 3160822174 57721298.666666664
1466196817977 -41 3181861269 56010901.83028287
1466196820982 -43 3195316904 35821990.016638935
1466196823988 -41 3204588575 24675105.788423155
1466196826991 -41 3223642144 50758758.574758574
1466196829994 -41 3245362151 57862156.510156505
1466196832998 -41 3267001544 57628210.3861518
1466196836003 -41 3288527349 57306635.607321136
1466196839006 -41 3309849410 56802027.3060273
1466196842007 -41 3330853029 55990987.004331894
1466196845013 -41 3351840990 55856183.63273454
1466196848017 -41 3373053771 56492093.2090546
1466196851022 -41 3394160538 56191060.23294509
1466196854026 -41 3415243051 56145174.43408788
1466196857029 -41 3436790954 57403670.995671
1466196860033 -41 3458113791 56785185.086551264
1466196863039 -41 3479353680 56526650.698602796
1466196866043 -41 3500606369 56598372.83621837
1466196869045 -41 3521670294 56133044.63690873
1466196872048 -41 3542985105 56782713.28671329
1466196875052 -41 3563891080 55675033.28894807
1466196878055 -41 3584978199 56176141.19214119
1466196881057 -41 3605956118 55903848.101265825
1466196884061 -41 3626866286 55686199.733688414
1466196887064 -41 3647924419 56098922.41092241
1466196890066 -41 3668998518 56160157.22851433
1466196893070 -41 3690204315 56473494.00798935
1466196896075 -41 3711550158 56827535.44093178
1466196899078 -41 3732860595 56771060.939060934
1466196902082 -41 3754245078 56949355.52596538
1466196905084 -41 3775550567 56776786.14257162
1466196908087 -41 3796698978 56339423.24342324
1466196911090 -41 3817809007 56237173.49317349
1466196914093 -41 3838910302 56213906.09390609
1466196917099 -41 3859900926 55863270.791749835
1466196920101 -41 3881447061 57418081.27914724
1466196923104 -41 3902799244 56882272.394272394
1466196926106 -41 3924020937 56553479.01399068
1466196929111 -41 3945289520 56621851.58069884
1466196932116 -41 3966486387 56430927.12146423
1466196935119 -41 3987563076 56148355.64435564
1466196938121 -39 4007443367 52978790.139906734
1466196941133 -41 4021165326 36446106.24169987
1466196944128 -41 4029971158 23521421.03505843
1466196947168 -41 4049976989 52646923.684210524
1466196950135 -41 4070447596 55195435.11964948
1466196953137 -41 4091551721 56240173.21785477
1466196956139 -41 4112544088 55942350.43304464
1466196959142 -41 4133573219 56021661.005661
1466196962145 -41 4154528892 55825968.6979687
1466196965150 -41 4175575921 56032023.96006656
1466196968152 -41 4196693850 56276959.36042639
1466196971156 -41 4217867243 56387198.40213049
1466196974159 -41 4238511562 54996520.81252081
1466196977164 -45 4259255869 55226108.485856906
1466196980166 -41 4280244080 55931275.14990007
1466196983169 -41 6250721 -11385929694.305695
1466196986171 -41 27479766 56573071.285809465
1466196989173 -41 48782763 56770145.236508995
1466196992177 -41 69952256 56376812.25033289
1466196995182 -41 90986611 55998282.86189684
1466196998185 -41 112189172 56483678.98767898
1466197001190 -41 133425565 56536154.40931781
1466197004191 -39 154409322 55938039.320226595
1466197007196 -41 175898843 57210039.267886855
1466197010201 -41 197099846 56441938.1031614
1466197013204 -41 218235207 56304658.00865801
1466197016207 -41 239220384 55904567.43256743
1466197019212 -41 260267033 56031012.312811986
1466197022221 -41 281593878 56701482.22000665
1466197025219 -41 302712179 56353038.02535023
1466197028223 -41 323652184 55765659.12117177
1466197031225 -41 344580645 55772047.968021326
1466197034229 -41 365941866 56887406.125166446
1466197037233 -41 387117241 56392476.69773635
1466197040233 -41 408300960 56489917.333333336
1466197043237 -41 429368459 56105190.41278296
1466197046241 -41 450446244 56132583.22237017
1466197049246 -41 471535513 56144476.5391015
1466197052252 -41 492631980 56144955.42248836
1466197055257 -39 513871125 56543480.86522463
1466197058260 -41 535022872 56348310.35631035
1466197061263 -41 547959284 34462636.03063603
1466197064268 -41 557425285 25200668.219633944
1466197067271 -41 575949078 49347433.899433896
1466197070272 -41 596440105 54624530.48983672
1466197073276 -41 617029114 54830916.111850865
1466197076278 -41 637781758 55303514.99000666
1466197079281 -41 658839669 56098331.002331
1466197082285 -41 680087210 56584663.11584554
1466197085289 -41 701270071 56412412.78295606
1466197088294 -41 722069442 55372701.49750416
1466197091297 -41 743048835 55889158.84115884
1466197094301 -41 764386720 56825259.65379494
1466197097305 -41 785556313 56377078.56191745
1466197100309 -41 806920080 56894186.418109186
1466197103312 -41 828396103 57212182.484182484
1466197106314 -41 849328362 55782169.220519654
1466197109318 -41 870559959 56542202.39680426
1466197112324 -41 891852194 56665961.41051231
1466197115327 -41 912720945 55594408.258408256
1466197118332 -41 934410334 57742133.77703827
1466197121332 -41 955720227 56826381.333333336
1466197124336 -41 977069134 56854612.51664447
1466197127339 -41 998399931 56825300.033300035
1466197130343 -41 1019465538 56100151.7976032
1466197133346 -39 1040946341 57224916.416916415
1466197136350 -41 1062209290 56625696.404793605
1466197139353 -41 1083545541 56839829.5038295
1466197142357 -41 1104932800 56956748.335552596
1466197145360 -41 1126111904 56421189.477189474
1466197148362 -41 1147419105 56781348.43437709
1466197151365 -41 1168686542 56656508.82450882
1466197154365 -45 1188368013 52483922.666666664
1466197157370 -43 1188368228 572.3793677204659
1466197160373 -45 1188368443 572.7605727605727
1466197163376 -43 1188368658 572.7605727605727
1466197166379 -43 1188368873 572.7605727605727
1466197169383 -45 1188369088 572.5699067909454
1466197172388 -43 1188369303 572.3793677204659
1466197175393 -45 1188369518 572.3793677204659
1466197178398 -43 1188369733 572.3793677204659
1466197181403 -43 1188369733 0
1466197184408 -43 1188369948 572.3793677204659
1466197187412 -43 1188370163 572.5699067909454
1466197190417 -43 1188370378 572.3793677204659
1466197193421 -43 1188370593 572.5699067909454
1466197196426 -43 1188370808 572.3793677204659
1466197199431 -43 1188371023 572.3793677204659
1466197202442 -43 1188371238 571.2387910993025
1466197205442 -43 1188371453 573.3333333333334
1466197208444 -43 1188371668 572.9513657561625
1466197211448 -45 1188371883 572.5699067909454
1466197214452 -43 1188372098 572.5699067909454
1466197217456 -43 1188372313 572.5699067909454
1466197220461 -43 1188372528 572.3793677204659
1466197223464 -43 1188372743 572.7605727605727
1466197226468 -45 1188372958 572.5699067909454
1466197229471 -45 1188373173 572.7605727605727
1466197232474 -45 1188373388 572.7605727605727
1466197235478 -45 1188373603 572.5699067909454
1466197238479 -45 1188373818 573.1422859046985
1466197241482 -43 1188374033 572.7605727605727
1466197244484 -43 1188374248 572.9513657561625
1466197247489 -45 1188374463 572.3793677204659
1466197250487 -43 1188374678 573.7158105403602
1466197253490 -45 1188374893 572.7605727605727
1466197256493 -43 1188375154 695.3046953046953
1466197455868 -39 1223989086 54125784.16304711
1466197458869 -41 1244768349 55392903.69876708
1466197461874 -41 1267797276 61308291.514143094
1466197464875 -41 1290050625 59322489.83672109
1466197467880 -41 1312629278 60109558.73544093
1466197470886 -39 1334816391 59047539.58749169
1466197473890 -41 1356259438 57105318.242343545
1466197476899 -41 1377302572 55947182.452642076
1466197479898 -41 1398674535 57010904.96832277
1466197482905 -41 1419846978 56328415.03159295
1466197485913 -41 1441102645 56531029.25531915
1466197488917 -41 1462224738 56250580.559254326
1466197491919 -41 1482732211 54650161.225849435
1466197494922 -41 1503017764 54040767.23276723
1466197497931 -41 1523417287 54236019.94017946
1466197500929 -41 1543374762 53255436.957971975
1466197503933 -41 1563804801 54407560.58588549
1466197506934 -41 1584307384 54655336.22125958
1466197509935 -41 1604274271 53227289.57014329
1466197512941 -39 1625299842 55956276.77977379
1466197515945 -41 1646498868 56455462.0505992
1466197518951 -41 1667338913 55462528.27677978
1466197521954 -39 1687405508 53457462.53746253
1466197524960 -41 1707988609 54778711.90951431
1466197527963 -41 1728725054 55241944.72194472
1466197530965 -41 1748610717 52993105.92938042
1466197533969 -41 1769478367 55572969.37416778
1466197536973 -41 1790488424 55952215.71238349
1466197539973 -39 1807926601 46501805.333333336
1466197542977 -39 1817202426 24702596.537949402
1466197545980 -45 1830988821 36726993.006993
1466197548986 -41 1851751522 55256689.28809049
1466197551988 -41 1872335079 54852916.72218522
1466197554990 -41 1892818858 54587019.32045303
1466197557997 -41 1913181443 54173821.084137015
1466197560999 -41 1934081528 55696429.04730181
1466197564003 -43 1955044949 55828018.64181092
1466197567007 -41 1975303772 53951592.54327563
1466197570018 -41 1995500839 53662084.357356355
1466197573020 -41 2016428302 55769388.40772819
1466197576027 -41 2037532047 56145646.82407715
1466197579038 -41 2058273896 55109529.060112916
1466197582037 -41 2079094857 55541076.35878626
1466197585040 -39 2100012090 55723564.435564436
1466197588045 -41 2120766897 55254061.896838605
1466197591049 -41 2141415096 54988545.93874834
1466197594071 -41 2162710929 56375467.90205163
1466197597058 -41 2183341568 55254473.38466689
1466197600062 -41 2204205103 55562010.652463384
1466197603064 -41 2225295514 56203626.91538975
1466197606071 -41 2246383805 56104532.09178583
1466197609074 -41 2266985256 54882320.346320346
1466197612078 -41 2287865617 55606820.239680424
1466197615081 -41 2308681144 55452619.38061938
1466197618089 -41 2329634189 55726183.5106383
1466197621088 -41 2350452214 55533244.414804935
1466197624092 -41 2371486067 56015587.21704394
1466197627093 -41 2392481868 55970145.95134955
1466197630095 -41 2413700201 56544524.98334444
1466197633098 -41 2434436210 55240783.21678322
1466197636109 -41 2455448611 55828365.32713384
1466197639107 -41 2476602496 56447991.994663104
1466197642126 -41 2497441863 55221906.59158661
1466197645119 -41 2518396392 56009432.67624457
1466197648139 -41 2539440577 55746185.430463575
1466197651123 -41 2560726300 57066281.501340486
1466197654126 -41 2581477323 55280780.55278055
1466197657129 -41 2602713271 56572622.04462204
1466197660133 -41 2619213216 43941264.98002663
1466197663137 -41 2628374303 24397035.952063914
1466197666139 -41 2643109026 39266417.05529647
1466197669142 -41 2663238431 53624788.54478854
1466197672146 -41 2683882336 54977110.51930759
1466197675151 -41 2705202361 56758801.99667221
1466197678154 -41 2725934808 55231294.039294034
1466197681155 -41 2747486575 57452227.92402533
1466197684159 -41 2768395412 55682655.12649801
1466197687167 -41 2789821523 56984337.765957445
1466197690168 -41 2811333646 57346545.81806065
1466197693171 -41 2832498014 56381932.73393273
1466197696174 -41 2853673549 56411681.65168165
1466197699180 -41 2874587336 55658781.10445776
1466197702181 -41 2895602217 56021008.997001
1466197705183 -41 2916704616 56235573.61758828
1466197708188 -41 2937551331 55498742.09650583
1466197711193 -41 2958987162 57067104.15973378
1466197714196 -41 2980191443 56488261.07226107
1466197717198 -41 3001320966 56307856.095936045
1466197720200 -41 3022315873 55949119.25383078
1466197723203 -41 3043626528 56771641.69164169
1466197726207 -41 3065219757 57505270.30625832
1466197729209 -41 3086348940 56306950.03331113
1466197732212 -41 3107460570 56241438.56143856
1466197735218 -41 3129070031 57510208.91550233
1466197738219 -41 3150070908 55983677.44085305
1466197741221 -41 3171237283 56406062.624916725
1466197744222 -45 3192952444 57887800.06664445
1466197747225 -41 3213988925 56041241.425241426
1466197750231 -41 3235073700 56113838.98868929
1466197753235 -41 3256343071 56642798.934753664
1466197756239 -41 3277571056 56532583.22237017
1466197759242 -41 3298771467 56477951.38195138
1466197762246 -41 3319937024 56366330.22636484
1466197765249 -41 3341057985 56266296.37029637
1466197768253 -41 3362268492 56486037.28362184
1466197771258 -41 3383129461 55536689.51747088
1466197774259 -41 3403966344 55546505.83138954
1466197777264 -41 3424988795 55966591.68053245
1466197780267 -41 3440460667 41217108.22510822
1466197783272 -41 3449409026 23822586.356073212
1466197786275 -41 3465650939 43268499.5004995
1466197789281 -45 3487247264 57475249.500998005
1466197792283 -41 3508239393 55941716.189207196
1466197795289 -41 3529519538 56633785.76180972
1466197798294 -41 3550549095 55985509.48419301
1466197801297 -41 3571758944 56503094.239094235
1466197804299 -41 3592775339 56006382.41172552
1466197807304 -41 3613812946 56006940.432612315
1466197810308 -41 3635077095 56628892.14380825
1466197813312 -41 3655884861 55413491.3448735
1466197816317 -41 3677288274 56980800
1466197819323 -41 3698638715 56820867.598137066
1466197822326 -41 3719735266 56201268.06526806
1466197825331 -41 3740983559 56567834.94176373
1466197828335 -41 3762541244 57410612.51664447
1466197831337 -41 3783565493 56027312.4583611
1466197834338 -41 3804686742 56304562.47917361
1466197837345 -39 3825652747 55779195.21117392
1466197840351 -41 3846706912 56032375.249501005
1466197843367 -41 3867937451 56314427.05570292
1466197846397 -41 3889181574 56090093.72937294
1466197849398 -41 3909699933 54697391.53615462
1466197852414 -41 3930779804 55914777.188328914
1466197855406 -41 3952158063 57161120.32085562
1466197858411 -41 3973094058 55736425.95673877
1466197861413 -41 3993725107 54979477.68154564
1466197864415 -41 4015083116 56916746.16922052
1466197867419 -41 4036101259 55973749.66711052
1466197870421 -39 4057462366 56925001.99866756
1466197873425 -39 4078676433 56495517.97603196
1466197876431 -41 4099822042 56275739.18829009
1466197879434 -41 4120999847 56417728.937728934
1466197882436 -41 4141904378 55708277.148567624
1466197885439 -39 4163252109 56870412.25441225
1466197888444 -41 4184412126 56332823.96006656
1466197891445 -39 4205421833 56007216.26124626
1466197894449 -39 4226661432 56563512.64980026
1466197897452 -41 4247616765 55825062.937062934
1466197900456 -41 4262858226 40589776.298268974
1466197903459 -41 4270146210 19415208.79120879
1466197906461 -41 4286828531 44456551.632245176
1466197909464 -41 12620488 -11386501613.053612
1466197912468 -41 33937229 56768950.732356854
1466197915472 -39 54956044 55975539.28095872
1466197918472 -41 76077925 56325016
1466197921475 -41 97316078 56578496.170496166
1466197924477 -39 118424665 56252063.957361765
1466197927477 -41 139746672 56858685.333333336
1466197930479 -39 161009657 56663517.654896736
1466197933483 -41 182338192 56800359.52063915
1466197936485 -41 203622049 56719139.240506336
1466197939483 -41 224157870 54798721.81454302
1466197942486 -41 245054053 55667487.179487176
1466197945485 -39 266406238 56958146.04868289
1466197948486 -39 287532754 56318603.13228924
1466197951488 -41 308693133 56390083.94403731
1466197954490 -41 330113430 57082736.84210527
1466197957491 -41 351726827 57616519.826724425
1466197960491 -41 372898622 56458120
1466197963493 -41 393979217 56177468.354430385
1466197966494 -41 415537850 57470531.15628124
1466197969496 -39 436400633 55597023.31778815
1466197972496 -41 456959770 54824365.333333336
1466197975496 -41 478422569 57234130.666666664
1466197978501 -41 499605660 56394252.24625624
1466197981505 -39 520629055 55987736.35153129
1466197984505 -41 541781880 56407533.333333336
1466197987509 -39 562894821 56226207.723035954
1466197990514 -41 584244208 56836970.38269551
1466197993515 -41 605303131 56138415.194935024
1466197996522 -39 626190196 55569178.58330562
1466197999516 -41 647309429 56430816.29926519
1466198002518 -41 668320826 55993063.291139245
1466198005519 -41 689306853 55944090.636454515
1466198008519 -41 710498702 56511597.333333336
1466198011523 -41 731767791 56642047.93608522
1466198014525 -41 752471198 55172303.79746836
1466198017528 -41 773383409 55710185.81418581
1466198020531 -41 788874158 41267396.6033966
1466198023535 -41 797998296 24298636.484687082
1466198026538 -45 815322831 46152607.39260739
1466198029537 -41 836812010 57323585.19506502
1466198032542 -41 858249723 57072114.475873545
1466198035545 -41 879473700 56540731.268731266
1466198038546 -41 900640583 56426212.5958014
1466198041558 -41 921743236 56049543.16069057
1466198044545 -41 942996199 56921226.64881151
1466198047550 -41 964100828 56185368.3860233
1466198050553 -41 985060879 55837631.7016317
1466198053557 -41 1006351278 56698798.934753664
1466198056560 -39 1027602873 56614305.694305696
1466198059562 -41 1048716600 56265761.49233845
1466198062566 -41 1069878095 56355512.64980026
1466198065568 -41 1090888532 55990504.99666889
1466198068573 -39 1112363129 57170308.153078206
1466198071577 -41 1133118194 55273142.476697735
1466198074580 -41 1154373151 56623262.07126207
1466198077582 -41 1175635418 56661604.26382412
1466198080585 -39 1196940015 56755503.16350316
1466198083590 -41 1218023822 56129935.44093178
1466198086592 -41 1239320359 56752930.04663558
1466198089593 -41 1260526526 56530935.02165945
1466198092596 -41 1281586223 56103088.911088906
1466198095598 -41 1302822350 56591944.03730846
1466198098602 -39 1323766289 55776135.818908125
1466198101607 -39 1343932346 53686674.20965058
1466198104610 -41 1365509693 57482109.89010989
1466198107612 -41 1386542174 56049249.83344437
1466198110617 -41 1407811181 56622980.36605658
1466198113621 -41 1428679090 55573659.12117177
1466198116622 -41 1449806325 56320519.826724425
1466198119622 -41 1470849112 56114098.666666664
1466198122626 -41 1491808995 55818596.5379494
1466198125628 -39 1512932394 56291536.309127256
1466198128633 -41 1534004007 56097472.21297837
1466198131637 -41 1555570624 57434399.46737683
1466198134641 -41 1576520297 55791406.125166446
1466198137642 -41 1597713112 56495341.55281573
1466198140646 -41 1612719003 39962426.098535284
1466198143650 -41 1622237608 25349147.802929427
1466198146652 -39 1640183179 47822974.01732179
1466198149655 -39 1661726234 57390755.91075591
1466198152659 -41 1682527403 55395922.76964048
1466198155664 -39 1703459254 55725393.67720466
1466198158667 -41 1724770883 56774236.43023643
1466198161670 -39 1746039528 56659726.93972694
1466198164672 -41 1767428673 56999720.18654231
1466198167676 -41 1788811344 56944529.960053265
1466198170679 -41 1810376789 57450402.93040293
1466198173681 -39 1831515516 56332383.744170554
1466198176685 -41 1853178787 57691800.266311586
1466198179689 -41 1874425650 56582857.523302265
1466198182694 -41 1895621141 56427263.89351082
1466198185695 -41 1916934730 56817298.23392203
1466198188699 -41 1938300547 56899645.805592544
1466198191703 -41 1959457966 56344657.78961385
1466198194706 -41 1980679699 56534753.246753246
1466198197707 -41 2001950766 56703944.01866045
1466198200710 -41 2023561065 57569894.1058941
1466198203713 -39 2045060580 57274765.23476523
1466198206716 -41 2062631457 46808863.136863135
1466198209720 -39 2082397472 52639187.74966711
1466198212722 -41 2103065805 55078835.44303798
1466198215727 -41 2123569648 54585938.1031614
1466198218730 -41 2144905981 56840047.95204795
1466198221734 -41 2165478746 54787656.45805593
1466198224737 -41 2186767063 56712133.2001332
1466198227740 -41 2207935388 56392474.192474194
1466198230743 -41 2229267285 56828230.436230436
1466198233747 -39 2250448534 56408119.840213045
1466198236750 -39 2271447447 55941160.17316017
1466198239752 -41 2292591250 56345910.72618255
1466198242756 -41 2313381027 55365584.55392809
1466198245760 -41 2334497140 56234655.12649801
1466198248763 -41 2355747497 56611007.65900765
1466198251763 -41 2376712819 55907525.333333336
1466198254766 -43 2376713080 695.3046953046953
1466198257769 -45 2376713295 572.7605727605727
1466198260772 -43 2376713510 572.7605727605727
1466198263776 -43 2376713725 572.5699067909454
1466198266778 -45 2376713940 572.9513657561625
1466198269782 -45 2376714155 572.5699067909454
1466198272785 -43 2376714370 572.7605727605727
1466198275790 -45 2376714585 572.3793677204659
1466198278793 -45 2376714800 572.7605727605727
1466198281796 -43 2376715015 572.7605727605727
1466198284799 -43 2376715230 572.7605727605727
1466198287803 -43 2376715445 572.5699067909454
1466198290806 -43 2376715660 572.7605727605727
1466198293809 -45 2376715875 572.7605727605727
1466198296814 -43 2376716090 572.3793677204659
1466198299819 -43 2376716305 572.3793677204659
1466198302824 -43 2376716520 572.3793677204659
1466198305829 -45 2376716735 572.3793677204659
1466198308832 -43 2376716950 572.7605727605727
1466198311835 -43 2376717165 572.7605727605727
1466198314838 -43 2376717380 572.7605727605727
1466198317842 -45 2376717595 572.5699067909454
1466198320844 -43 2376717810 572.9513657561625
1466198323848 -43 2376718025 572.5699067909454
1466198326851 -43 2376718240 572.7605727605727
1466198329856 -43 2376718455 572.3793677204659
1466198332861 -45 2376718670 572.3793677204659
1466198335866 -43 2376718885 572.3793677204659
1466198338871 -45 2376719100 572.3793677204659
1466198341875 -45 2376719315 572.5699067909454
1466198344878 -45 2376719530 572.7605727605727
1466198347881 -43 2376719745 572.7605727605727
1466198350884 -43 2376719960 572.7605727605727
