1466177522582 -35 2679998860 50048128.578603715
1466177534590 -33 2757901640 51900586.27581613
1466177534595 -35 2757901640 0
1466177536590 -35 2768387315 42047819.54887218
1466177538594 -35 2778147808 38964043.91217565
1466177586608 -35 3016666774 39741569.708834924
1466177586610 -35 3016668288 6056000
1466177592608 -35 3090811839 98891031.67722574
1466177592619 -35 3105975457 11028085818.181818
1466177592625 -35 3144451329 51301162666.666664
1466177604608 -35 3144451329 0
1466177604609 -35 3144511025 477568000
1466177606608 -35 3144509511 -6059.029514757378
1466177606611 -35 3144515071 14826666.666666666
1466177606613 -35 3144515071 0
1466177608608 -35 3228900255 338386702.7568922
1466177616609 -35 3241152438 12250651.668541433
1466177616612 -35 3241152438 0
1466177618628 -35 3256868055 62363559.52380952
1466177618629 -35 3256869569 12112000
1466177618631 -35 3256869569 0
1466177626628 -35 3356629392 99797246.96761286
1466177626629 -35 3356629392 0
1466177626631 -35 3356629392 0
1466177626632 -35 3356629392 0
1466177628632 -35 3367338916 42838096
1466177638629 -35 3380120851 10228616.584975492
1466177638632 -35 3380120851 0
1466177638634 -35 3380120851 0
1466177638652 -35 3392863699 5663488000
1466177652629 -35 3486737881 53730661.51534664
1466177656628 -35 3561480080 149521778.44461116
1466177662629 -33 3561499762 26238.293617730378
1466177662638 -37 3561499762 0
1466177662660 -35 3637967226 27806350545.454548
1466177666628 -35 3637972250 10129.032258064517
1466177676628 -35 3638108664 109131.2
1466177678628 -35 3665992853 111536756
1466177682629 -35 3733330028 134640689.8275431
1466177692629 -35 3748811989 12385568.8
1466177692631 -35 3748811989 0
1466177692632 -35 3748811989 0
1466177692636 -35 3748811989 0
1466177708629 -35 3860890582 56063824.42318514
1466177714627 -35 3973322529 149959249.08302766
1466177716628 -35 3973322529 0
1466177722627 -35 3973322529 0
1466177734631 -35 4006146474 21875338.220593136
1466177734633 -37 4006147988 6056000
1466177734634 -35 4006147988 0
1466177736631 -35 4189102251 732916426.6399599
1466177740628 -35 4189102251 0
1466177748628 -35 4189102251 0
1466177748631 -35 4189102251 0
1466177750631 -35 4253298744 256785972
1466177760642 -35 21086377 -3382049638.997103
1466177760644 -35 21086377 0
1466177760645 -35 21086377 0
1466177760647 -33 21086377 0
1466177760649 -33 21086377 0
1466177760654 -35 21086377 0
1466177760655 -33 21086377 0
1466177774627 -33 99280970 44772168.90924707
1466177776632 -35 189083918 358316001.99501246
1466177776639 -35 189083918 0
1466177776688 -35 189085432 247183.67346938775
1466177776690 -33 189086946 6056000
1466177776691 -33 189086946 0
1466177784670 -35 214689237 25669673.893971674
1466177786668 -35 214692265 12124.124124124124
1466177786671 -35 240987146 70119682666.66667
1466177788668 -35 240987146 0
1466177788669 -35 240987146 0
1466177788670 -35 240987146 0
1466177804677 -33 258259605 8632452.801899169
1466177804678 -35 258261119 12112000
1466177806680 -33 355342493 387937558.4415585
1466177806682 -35 355345521 12112000
1466177806684 -35 364285604 35760332000
1466177810679 -35 388574872 48639335.1689612
1466177822677 -39 388574872 0
1466177826681 -35 401744275 26312493.50649351
1466177830680 -39 503210376 202982947.7369342
1466177838678 -35 517585163 14378381.595398849
1466177838679 -35 517585163 0
1466177840679 -35 531767866 56730812
1466177840681 -35 531767866 0
1466177840683 -35 546234370 57866016000
1466177840685 -33 546235884 6056000
1466177842678 -35 607874179 247419147.01455092
1466177848679 -35 619755607 15839264.122646226
1466177848681 -33 619755607 0
1466177850678 -35 634218986 57940426.63995994
1466177864678 -33 686049013 29617158.285714287
1466177864679 -35 686049013 0
1466177864679 -33 686049013 0
1466177864680 -33 686049013 0
1466177864681 -35 686049013 0
1466177864682 -35 686050527 12112000
1466177866678 -35 686050527 0
1466177878679 -35 795107398 72698522.45646197
1466177878681 -37 795107398 0
1466177880678 -33 795107398 0
1466177880678 -33 795107398 0
1466177880682 -35 867905092 145595388000
1466177886690 -33 879556551 15514592.543275632
1466177888689 -37 879562607 24236.11805902951
1466177900687 -35 922759559 28802768.461410236
1466177902689 -37 934738007 47865926.07392608
1466177902692 -35 934741035 8074666.666666666
1466177902694 -33 934741035 0
1466177902698 -35 934742549 3028000
1466177904688 -33 1028701672 377725117.5879397
1466177904691 -33 1028701672 0
1466177934688 -35 1028746020 11827.316064939827
1466177934688 -35 1028772240 Infinity
1466177934689 -35 1028801006 230128000
1466177938688 -35 1258432670 459378172.54313576
1466177960687 -35 1289651881 11352956.407109415
1466177960689 -33 1289651881 0
1466177960707 -35 1289653395 672888.888888889
1466177984688 -35 1472502728 60998067.80367791
1466177984691 -35 1563278486 242068688000
1466177984691 -35 1563278486 0
1466178008689 -35 1654164980 30298022.83523627
1466178008691 -35 1654164980 0
1466178008693 -35 1654164980 0
1466178008695 -35 1654164980 0
1466178008698 -35 1654164980 0
1466178008699 -35 1654164980 0
1466178008705 -35 1654164980 0
1466178008709 -35 1654164980 0
1466178008712 -33 1654164980 0
1466178010689 -35 1654164980 0
1466178014687 -35 1806936428 305695743.87193596
1466178016688 -35 1806936428 0
1466178028688 -35 1821493965 9705024.666666666
1466178028689 -35 1821495921 15648000
1466178028689 -35 1821495921 0
1466178028690 -35 1821497435 12112000
1466178028690 -35 1821498949 Infinity
1466178028690 -35 1821498949 0
1466178030688 -33 1836356025 59487791.79179179
1466178030689 -35 1836357539 12112000
1466178030690 -35 1836357539 0
1466178030691 -35 1836359053 12112000
1466178042748 -35 1967312914 86889847.22567803
1466178042749 -33 1967312914 0
1466178042749 -35 1967312914 0
1466178042750 -35 1967312914 0
1466178042751 -35 1967312914 0
1466178042752 -35 1967312914 0
1466178056759 -35 2029172446 35330638.680659674
1466178056760 -35 2029173960 12112000
1466178056762 -33 2029175474 6056000
1466178056764 -35 2029175474 0
1466178056765 -35 2029175474 0
1466178056766 -35 2029175474 0
1466178058758 -35 2029176988 6080.321285140562
1466178058761 -35 2029176988 0
1466178060758 -35 2118630583 358351907.8617927
1466178070758 -35 2133766660 12108861.6
1466178070758 -35 2133766660 0
1466178080764 -35 2133766660 0
1466178080765 -35 2133766660 0
1466178080766 -35 2133766660 0
1466178080768 -35 2149246620 61919840000
1466178080769 -35 2149248134 12112000
1466178080770 -35 2149248134 0
1466178088757 -35 2297266781 148259568.79929885
1466178098759 -35 2297284949 14531.493701259747
1466178102758 -35 2439427097 284355384.84621155
1466178114758 -35 2439427097 0
1466178114759 -35 2439427097 0
1466178118758 -35 2439430125 6057.514378594648
1466178118759 -35 2439430125 0
1466178118759 -35 2439430125 0
1466178122760 -35 2582159045 285386493.3766558
1466178132760 -35 2582159045 0
1466178134758 -35 2582160559 6062.062062062062
1466178136759 -35 2596901934 58936031.984008
1466178136761 -35 2596907990 24224000
1466178136762 -35 2596909504 12112000
1466178138757 -35 2596909504 0
1466178140760 -35 2608537859 46443754.368447326
1466178140761 -35 2608537859 0
1466178150758 -35 2714283693 84622053.81614484
1466178154758 -35 2744811393 61055400
1466178154764 -35 2744814421 4037333.333333333
1466178156759 -35 2744815935 6071.177944862155
1466178178791 -35 2854717739 39906246.913580246
1466178188779 -35 2854717739 0
1466178188780 -35 2854717739 0
1466178192780 -35 2995319354 281203230
1466178194778 -35 2995319354 0
1466178196778 -35 2995319354 0
1466178210788 -35 3093499377 56062825.410421126
1466178218789 -35 3220640481 127125213.34833147
1466178218790 -35 3220643509 24224000
1466178218791 -35 3220643509 0
1466178220788 -35 3220645023 6065.097646469704
1466178222788 -35 3220645023 0
1466178232788 -35 3220660163 12112
1466178232790 -33 3220660163 0
1466178234788 -35 3282438032 247358834.83483484
1466178234789 -35 3282438032 0
1466178236788 -35 3282438032 0
1466178246788 -35 3392924509 88389181.6
1466178248788 -35 3406102845 52713344
1466178248792 -35 3419339250 26472810000
1466178248793 -33 3419349848 84784000
1466178248794 -35 3419349848 0
1466178248795 -35 3419349848 0
1466178248796 -35 3419349848 0
1466178248798 -33 3419349848 0
1466178248799 -35 3419349848 0
1466178248799 -35 3419349848 0
1466178248800 -35 3419349848 0
1466178250792 -35 3475501217 225507506.0240964
1466178250794 -35 3475501217 0
1466178252788 -35 3475501217 0
1466178260789 -35 3502482278 26977688.78890139
1466178260791 -37 3502482278 0
1466178260793 -35 3502482278 0
1466178260794 -35 3502482278 0
1466178260798 -35 3502482278 0
1466178260809 -35 3502482278 0
1466178260811 -33 3502482278 0
1466178260814 -35 3517361183 39677080000
1466178262788 -37 3558621653 167215683.8905775
1466178262789 -35 3573637289 120125088000
1466178266788 -35 3573639037 3496.8742185546384
1466178266788 -35 3573640551 Infinity
1466178266789 -35 3573640551 0
1466178266790 -35 3573692027 411808000
1466178278808 -33 3589142678 10285006.490264602
1466178282808 -35 3706686263 235087170
1466178282809 -35 3706686263 0
1466178282810 -35 3706686263 0
1466178282811 -35 3706686263 0
1466178292807 -35 3706686263 0
1466178292808 -35 3713722372 56288872000
1466178292809 -35 3721609493 63096968000
1466178294810 -33 3792685612 284162394.8025987
1466178312808 -35 3792685612 0
1466178316809 -35 3805226485 25075477.13071732
1466178340808 -35 3805226700 71.66965290220426
1466178340809 -35 3805226700 0
1466178340810 -35 3805226700 0
1466178342808 -35 3805226700 0
1466178342810 -35 3805226700 0
1466178350808 -35 3805228420 1720.4301075268818
1466178350809 -35 3805228420 0
1466178358808 -37 3805228635 215.02687835979498
1466178362808 -37 3805229065 860
1466178362809 -35 3805229065 0
1466178368808 -37 3805229710 860.1433572262044
1466178372808 -37 3805229710 0
1466178372810 -37 3805229710 0
1466178372811 -37 3805229710 0
1466178374809 -37 3805229925 860.8608608608608
1466178374811 -37 3805229925 0
1466178378808 -37 3805230355 860.6454841130849
1466178378809 -37 3805230355 0
1466178378810 -37 3805230355 0
1466178378810 -37 3805230355 0
1466178384808 -37 3805230785 573.5245081693897
1466178386809 -37 3805231000 859.5702148925537
1466178386810 -37 3805231000 0
1466178386811 -37 3805231000 0
1466178386811 -37 3805231000 0
1466178392814 -37 3805231691 920.8728968848909
1466178392816 -37 3805231691 0
1466178392818 -37 3805231691 0
1466178392819 -37 3805231691 0
1466178394810 -37 3805231906 863.8874937217478
1466178394812 -37 3805231906 0
1466178394819 -37 3805232336 491428.5714285714
1466178394828 -35 3805232336 0
1466178394829 -37 3805232336 0
1466178394830 -37 3805232336 0
1466178394832 -37 3805232336 0
1466178394836 -37 3805232336 0
1466178394838 -37 3805232336 0
1466178394839 -37 3805232336 0
1466178394841 -37 3805232336 0
1466178394843 -37 3805232336 0
1466178394844 -35 3805232336 0
1466178394845 -37 3805232336 0
1466178396809 -37 3805232336 0
1466178434829 -37 3805234486 452.39347711730665
1466178434831 -37 3805234486 0
1466178434838 -35 3805235131 737142.8571428572
1466178434850 -35 3805235131 0
1466178440828 -37 3805235131 0
1466178442828 -37 3805235131 0
1466178444828 -37 3805235561 1720
1466178448828 -39 3805235776 430
1466178450828 -35 3805235776 0
1466178450829 -37 3805235776 0
1466178450830 -35 3805235776 0
1466178450831 -39 3805235776 0
1466178464834 -37 3805236636 491.32328786688566
1466178464836 -37 3805236636 0
1466178466829 -37 3805237281 2589.061716006021
1466178474828 -37 3805237281 0
1466178474829 -37 3805237281 0
1466178476828 -37 3805237496 860.4302151075537
1466178484829 -37 3805238141 644.9193850768654
1466178484830 -37 3805238141 0
1466178484832 -37 3805238141 0
1466178488833 -37 3805238141 0
1466178494829 -37 3805239216 1434.2895263509006
1466178494830 -37 3805239216 0
1466178494831 -37 3805239216 0
1466178494832 -37 3805239216 0
1466178498828 -35 3805239431 430.4304304304304
1466178502828 -37 3805239431 0
1466178502830 -37 3805239431 0
1466178504831 -37 3805239861 1719.1404297851075
1466178506829 -35 3805240122 1045.045045045045
1466178510829 -37 3805240337 430
1466178510831 -37 3805240337 0
1466178510834 -37 3805240552 573333.3333333334
1466178518830 -37 3805240552 0
1466178518837 -37 3805241197 737142.8571428572
1466178524828 -37 3805241197 0
1466178534828 -35 3805241627 344
1466178538828 -37 3805242159 1064
1466178540829 -37 3805242835 2702.648675662169
1466178544829 -37 3805243493 1316
1466178554828 -37 3805243493 0
1466178554829 -37 3805243493 0
1466178554829 -35 3805243493 0
1466178554830 -37 3805243493 0
1466178560828 -37 3805244584 1455.1517172390797
1466178562830 -37 3805245017 1730.2697302697304
1466178566828 -37 3805245689 1344.672336168084
1466178574828 -37 3805246403 714
1466178574830 -37 3805246403 0
1466178574832 -37 3805246403 0
1466178574832 -37 3805246403 0
1466178574833 -37 3805246403 0
1466178580828 -37 3805246833 573.8115095913261
1466178580830 -37 3805246833 0
1466178592848 -37 3805247481 431.3529705441837
1466178594848 -37 3805247481 0
1466178606849 -37 3805249300 1212.5656195317058
1466178610848 -37 3805250596 2592.64816204051
1466178618848 -37 3805250596 0
1466178624848 -37 3805251940 1792
1466178628848 -37 3805251940 0
1466178630849 -37 3805252359 1675.1624187906048
1466178630851 -37 3805252359 0
1466178630853 -37 3805252359 0
1466178636850 -37 3805253524 1554.1103885275973
1466178636852 -37 3805253524 0
1466178636854 -37 3805253524 0
1466178636858 -37 3805253524 0
1466178636868 -37 3805253524 0
1466178642849 -37 3805254182 880.120381207156
1466178642851 -37 3805254182 0
1466178642852 -37 3805254182 0
1466178642854 -37 3805254182 0
1466178642856 -37 3805254182 0
1466178646848 -37 3805254830 1298.5971943887776
1466178646849 -37 3805254830 0
1466178648848 -37 3805254830 0
1466178648850 -37 3805254830 0
1466178652848 -37 3805255520 1380.6903451725861
1466178664848 -37 3805256476 637.3333333333334
1466178668859 -37 3805257336 1715.2829718274743
1466178668866 -37 3805257336 0
1466178668869 -37 3805257336 0
1466178676848 -37 3805257766 431.1317207670134
1466178676850 -37 3805257766 0
1466178690852 -37 3805258199 247.3932295386373
1466178690856 -37 3805258199 0
1466178690859 -37 3805258199 0
1466178690861 -37 3805258199 0
1466178704848 -37 3805260881 1533.9958532923429
1466178710848 -37 3805261314 577.3333333333334
1466178710849 -37 3805261314 0
1466178714848 -37 3805261314 0
1466178714849 -37 3805261314 0
1466178724850 -37 3805262658 1075.092490750925
1466178724859 -37 3805262658 0
1466178724864 -37 3805263753 1752000
1466178724865 -37 3805263753 0
1466178724867 -37 3805263753 0
1466178724874 -37 3805263753 0
1466178724875 -37 3805263753 0
1466178724877 -37 3805263753 0
1466178724879 -37 3805263753 0
1466178724891 -37 3805263753 0
1466178724894 -37 3805263753 0
1466178744873 -37 3805265505 701.5366134441164
1466178746870 -37 3805266594 4362.543815723585
1466178746871 -37 3805266594 0
1466179684936 -39 3839411362 60149642.80936454
1466179687938 -37 3862746483 62185532.31179214
1466179690941 -39 3886744332 63930333.66633366
1466179693946 -33 3905559427 50090103.16139767
1466179696950 -33 3926285096 55194857.523302265
1466179699954 -33 3946286605 53266335.55259654
1466179702958 -31 3966272616 53225062.58322237
1466179705963 -33 3986227947 53125673.21131448
1466179708967 -33 4006182082 53140173.10252996
1466179711979 -33 4026115325 52943540.504648075
1466179714976 -33 4045701702 52282621.28795462
1466179717979 -33 4059036877 35524941.72494172
1466179720979 -33 4071495632 33223346.666666668
1466179723983 -33 4091005397 51956764.31424767
1466179726987 -33 4110786640 52679741.677762985
1466179729989 -33 4130531315 52617388.40772819
1466179732993 -33 4150553352 53321003.994673766
1466179735997 -33 4170419853 52906793.60852197
1466179739000 -33 4189835910 51724427.57242757
1466179742003 -33 4209482891 52339609.72360972
1466179745006 -33 4226142006 44379926.73992674
1466179748010 -33 4242619791 43882250.33288948
1466179751014 -33 4261467313 50193134.4873502
1466179754016 -33 4280674000 51183709.52698202
1466179757020 -33 5138521 -11386246282.29028
1466179760025 -33 24878904 52553432.27953411
1466179763029 -33 44565745 52428338.21571238
1466179766032 -33 64138542 52141983.34998335
1466179769035 -33 83651025 51981306.69330669
1466179772040 -33 103401500 52580299.50083195
1466179775044 -33 123028677 52269446.07190413
1466179778049 -33 142954692 53047627.287853576
1466179781050 -33 155845491 34364009.33022326
1466179784061 -33 168737028 34251841.91298572
1466179787068 -33 188312133 52078762.88659794
1466179790069 -33 207679658 51629523.492169276
1466179793072 -31 227647235 53193678.32167832
1466179796078 -33 247494446 52820255.48902196
1466179799084 -33 267171487 52367374.58416501
1466179802090 -33 287117340 53082775.7817698
1466179805096 -33 307091927 53159246.83965403
1466179808099 -33 323497734 43705113.55311355
1466179811102 -33 342531671 50706458.87445887
1466179814106 -33 359232888 44477275.63249002
1466179817108 -33 378467241 51257436.375749506
1466179820110 -33 395122222 44383693.53764158
1466179823113 -33 413782143 49710079.25407925
1466179826117 -33 432840408 50754367.509986684
1466179829119 -33 452403703 52134030.646235846
1466179832122 -33 471796920 51663581.75158175
1466179835126 -33 491434167 52296263.64846871
1466179838130 -33 510674180 51238383.488681756
1466179841133 -33 530452965 52690735.93073593
1466179844135 -33 550080686 52305718.85409727
1466179847144 -33 569694698 52147589.23230309
1466179850145 -33 589553289 52938596.467844054
1466179853149 -33 609417628 52901035.95206392
1466179856149 -33 629049001 52350328
1466179859152 -33 648943152 52998071.26207126
1466179862156 -33 666985885 48049888.14913449
1466179865162 -33 678764662 31347377.245508984
1466179868165 -35 694623427 42247792.20779221
1466179871179 -33 714340898 52335689.4492369
1466179874172 -33 734018037 52595092.54928166
1466179877187 -33 753799508 52488148.59038142
1466179880177 -33 773466209 52619935.78595317
1466179883182 -35 793125212 52336780.03327787
1466179886186 -33 812821203 52452705.72569907
1466179889190 -33 832231602 51692141.14513981
1466179892193 -33 851419307 51116097.23609723
1466179895196 -33 870921451 51953763.56976357
1466179898199 -33 890239996 51464655.34465534
1466179901203 -33 909783637 52046980.02663116
1466179904206 -33 929391042 52234179.154179156
1466179907209 -33 951994109 60214630.7026307
1466179910208 -33 977705076 68585440.48016006
1466179913214 -35 1000093937 59584460.412508324
1466179916228 -35 1015114444 39868631.71864632
1466179919221 -35 1031606529 44081750.7517541
1466179922224 -35 1050342700 49913209.45720945
1466179925227 -33 1070542349 53811918.74791875
1466179928235 -33 1091388256 55441242.02127659
1466179931237 -35 1112642307 56639709.52698202
1466179934239 -35 1134844306 59165886.74217189
1466179937242 -35 1156985003 58982875.790875785
1466179940246 -35 1179540420 60067688.41544607
1466179943251 -35 1201491373 58438477.2046589
1466179946253 -35 1219376130 47660911.39240507
1466179949258 -35 1240199123 55435588.68552413
1466179952262 -35 1258742164 49382266.311584555
1466179955265 -35 1279414457 55071043.62304362
1466179958269 -35 1297418180 47946000
1466179961268 -35 1317438823 53406183.39446482
1466179964278 -35 1338317624 55491829.90033223
1466179967277 -35 1350050195 31297288.429476492
1466179970281 -35 1364203272 37691283.62183755
1466179973285 -35 1386146337 58436924.101198405
1466179976290 -35 1407849022 57777530.78202995
1466179979293 -35 1425594949 47275196.8031968
1466179982299 -35 1443126362 46657120.42581504
1466179985301 -35 1457834939 39196740.839440376
1466179988305 -35 1478704380 55577739.01464713
1466179991308 -35 1497676271 50541168.165168166
1466179994310 -35 1517069796 51681612.25849434
1466179997314 -35 1536721435 52334591.21171771
1466180000317 -35 1554567308 47541453.21345321
1466180003320 -35 1572482373 47725780.885780886
1466180006322 -35 1590470902 47937452.365089945
1466180009326 -35 1607980657 46630505.99201065
1466180012330 -35 1625628400 46997984.02130493
1466180015329 -35 1646215287 54916670.890296765
1466180018333 -35 1661008150 39395107.85619175
1466180021336 -35 1675394305 38324755.244755246
1466180024338 -35 1696133710 55268234.51032645
1466180027340 -35 1711348807 40546560.95936043
1466180030343 -35 1731404452 53428291.70829171
1466180033347 -35 1752232973 55468764.31424767
1466180036352 -35 1774445566 59135022.96173045
1466180039355 -35 1795991558 57398580.08658008
1466180042359 -35 1817409947 57039651.13182423
1466180045362 -35 1839058478 57671744.255744256
1466180048365 -35 1860137615 56154877.12287712
1466180051369 -35 1881581453 57107424.76697736
1466180054374 -35 1895963070 38287166.722129785
1466180057382 -37 1915990311 53263938.82978723
1466180060383 -37 1933383032 46365134.28857048
1466180063389 -35 1946570771 35097109.78043912
1466180066394 -37 1965973960 51655744.42595674
1466180069404 -35 1984599967 49504337.54152824
1466180072409 -35 2002660804 48082095.17470882
1466180075427 -35 2023279165 54654369.78131213
1466180078431 -35 2038351348 40138969.37416778
1466180081446 -35 2058241535 52776615.58872305
1466180084448 -35 2078875784 54988005.329780154
1466180087441 -41 2083634391 12719297.026394922
1466180090446 -35 2094040458 27703339.767054908
1466180093448 -35 2115804943 57999960.0266489
1466180096454 -37 2135011306 51114738.5229541
1466180099456 -35 2152263943 45976381.07928048
1466180102460 -35 2172990794 55198005.32623169
1466180105464 -35 2194664871 57720577.89613848
1466180108466 -35 2209991524 40843845.43637575
1466180111469 -35 2230591027 54877130.869130865
1466180114473 -35 2251394174 55401190.41278296
1466180117476 -35 2272518883 56276281.05228105
1466180120478 -35 2293997624 57238483.677548304
1466180125408 -35 2329031490 56850086.81541582
1466180126481 -35 2336875168 58480357.8751165
1466180129485 -35 2358901643 58659054.593874834
1466180132487 -35 2380752872 58231123.2511659
1466180135493 -35 2402412127 57642727.877578184
1466180138497 -35 2424065288 57664876.16511318
1466180141500 -35 2445634261 57459801.53180153
1466180144504 -37 2466899930 56632940.07989348
1466180147507 -35 2488554136 57686862.47086247
1466180150510 -35 2503409307 39574215.118215114
1466180153517 -35 2523354574 53063563.68473562
1466180156520 -35 2543844593 54585465.2014652
1466180159523 -35 2564394764 54745710.28971029
1466180162525 -37 2586003459 57584796.80213191
1466180165528 -35 2607352602 56874173.82617383
1466180168532 -35 2625455933 48211267.64314248
1466180171534 -35 2642248764 44751048.63424384
1466180174537 -35 2657016637 39341653.01365301
1466180177540 -35 2677177966 53709834.165834166
1466180180545 -35 2694565827 46290478.53577371
1466180183548 -35 2715091224 54679712.28771228
1466180188413 -35 2742712344 45420135.66289825
1466180189555 -35 2750437590 54117309.98248687
1466180192558 -35 2770754285 54123729.6037296
1466180195560 -35 2791157930 54373471.01932046
1466180198564 -35 2809472129 48772833.55525965
1466180201568 -35 2826801768 46150836.2183755
1466180204571 -35 2844062335 45982196.47019647
1466180207575 -39 2848880798 12832125.166444741
1466180210578 -35 2858883303 26646699.966699965
1466180213581 -35 2879160562 54018671.99467199
1466180216584 -35 2894561213 41027375.29137529
1466180219588 -35 2911995818 46430372.83621837
1466180222591 -35 2929398177 46359930.73593073
1466180225596 -35 2940564920 29728433.943427622
1466180228600 -35 2961140501 54795155.79227696
1466180231602 -35 2981635312 54616418.387741506
1466180234607 -35 3002418743 55330265.557404324
1466180237609 -35 3023832774 57066038.640906066
1466180240614 -35 3045188719 56854429.28452579
1466180243618 -35 3066204326 55966996.005326234
1466180246622 -35 3087285431 56141424.76697736
1466180251419 -35 3120550685 55476762.97686054
1466180252626 -35 3128640125 53616835.12841756
1466180255629 -35 3150310386 57729633.03363303
1466180258632 -35 3171004117 55128154.51215451
1466180261637 -35 3191589982 54804299.50083195
1466180264649 -35 3208947177 46101447.54316069
1466180267645 -35 3228487368 52176744.993324436
1466180270662 -35 3246292409 47212571.42857143
1466180273653 -35 3265926716 52515699.09729187
1466180276658 -35 3283415279 46558570.38269551
1466180279661 -35 3298017870 38901341.32534132
1466180282666 -35 3315526247 46611319.80033278
1466180285669 -35 3332996226 46540070.596070595
1466180288671 -35 3352995639 53296237.175216526
1466180291675 -35 3370771286 47338607.19041278
1466180294679 -35 3390999407 53869829.560585886
1466180297682 -35 3411343974 54197980.685980685
1466180300687 -37 3429831521 49218095.17470882
1466180303690 -35 3449238192 51699423.24342324
1466180306691 -35 3466503901 46026548.48383872
1466180309696 -35 3483453656 45124139.76705491
1466180314415 -35 3514832433 53195638.05891078
1466180315700 -35 3523245004 52373982.87937743
1466180318704 -35 3544342083 56183965.37949401
1466180321707 -35 3565571764 56555926.73992674
1466180324710 -35 3586053111 54562362.97036297
1466180327715 -35 3598541576 33247161.39767055
1466180330717 -35 3612368261 36846595.60293138
1466180333722 -35 3632384740 53288463.22795341
1466180336724 -35 3652648723 54001287.1419054
1466180339728 -35 3673206022 54746468.70838881
1466180342734 -37 3691886765 49715882.900864944
1466180345733 -35 3708712270 44882974.32477492
1466180348740 -35 3726159659 46418061.8556701
1466180351742 -35 3743577216 46415874.75016656
1466180354747 -35 3763598655 53301667.886855245
1466180357750 -35 3783870268 54003631.03563103
1466180360755 -35 3801599607 47199571.38103162
1466180363758 -35 3820343464 49933684.98168498
1466180366760 -35 3838803747 49194624.916722186
1466180369764 -35 3858522668 52513770.972037286
1466180372768 -35 3875970671 46466053.26231691
1466180377410 -35 3907117070 53677551.05557949
1466180378773 -35 3916134475 52926808.5106383
1466180381775 -35 3937124904 55937185.876082614
1466180384780 -35 3957807655 55062232.27953411
1466180387782 -35 3978979202 56419845.43637575
1466180390787 -35 3999509049 54655166.722129785
1466180393790 -35 4019441682 53100587.41258741
1466180396795 -35 4040814483 56899303.82695508
1466180399800 -35 4061788436 55837478.86855242
1466180402805 -35 4076540035 39272143.760399334
1466180405807 -35 4096330054 52738225.1832112
1466180408811 -37 4113172489 44853355.52596538
1466180411816 -35 4130655572 46543981.36439268
1466180414820 -35 4150502229 52853946.73768309
1466180417824 -35 4168016836 46643427.43009321
1466180420829 -35 4188276219 53935129.45091514
1466180423832 -35 4205701190 46420169.16416916
1466180426835 -35 4225799301 53541421.245421246
1466180429837 -37 4245089238 51405561.62558295
1466180432841 -35 4263219933 48284141.14513981
1466180435845 -35 4280991558 47327896.13848203
1466180440422 -35 16570415 -7453652860.825869
1466180441852 -35 26498638 55542506.2937063
1466180444856 -35 46144245 52318527.29693741
1466180447861 -35 58636586 33257480.199667223
1466180450864 -35 74634553 42618626.706626706
1466180453867 -35 94922806 54047960.039960034
1466180456868 -35 115320531 54375808.06397868
1466180459873 -35 136539716 56490342.76206323
1466180462876 -35 157946567 57027908.09190809
1466180465880 -35 178958066 55956055.92543276
1466180468884 -35 199158407 53795848.2023968
1466180471889 -35 219756126 54835857.57071548
1466180474893 -35 240536359 55340167.77629827
1466180477895 -35 261165314 54973897.401732184
1466180480898 -35 281718655 54754155.17815518
1466180483898 -35 302570370 55604573.333333336
1466180486903 -35 323818551 56567536.77204659
1466180489906 -35 344801537 55898730.6027306
1466180492908 -35 364996424 53817153.897401735
1466180495913 -35 384742095 52567510.14975042
1466180498916 -35 405422020 55091375.29137529
1466180503410 -35 429831894 43453269.24788607
1466180504920 -35 439978444 53756556.291390724
1466180507924 -35 457123621 45659592.54327563
1466180510928 -35 474021310 45000503.32889481
1466180513928 -35 494031695 53361026.666666664
1466180516931 -37 512929948 50344996.33699633
1466180519935 -35 531879323 50464380.82556591
1466180522939 -35 552374376 54580700.39946738
1466180525942 -35 567440477 40136133.2001332
1466180528944 -35 587050808 52259376.415722854
1466180531948 -35 604608459 46758058.5885486
1466180534951 -35 623893188 51374569.430569425
1466180537955 -35 641951247 48090703.06258322
1466180540959 -35 654787340 34184002.663115844
1466180543962 -35 674518063 52562698.63469863
1466180546966 -35 694473862 53144604.52729694
1466180549969 -37 700552557 16193659.673659673
1466180552972 -37 700552772 572.7605727605727
1466180555974 -37 700552987 572.9513657561625
1466180558978 -37 700553202 572.5699067909454
1466180561981 -35 700553417 572.7605727605727
1466180566429 -39 700553847 773.3812949640287
1466180567986 -39 700553847 0
1466180570989 -37 700554062 572.7605727605727
1466180573992 -35 700554277 572.7605727605727
1466180576995 -37 700554492 572.7605727605727
1466180579998 -37 700554707 572.7605727605727
1466180583002 -37 700554922 572.5699067909454
1466180586004 -37 700555137 572.9513657561625
1466180589007 -37 700555352 572.7605727605727
1466180592010 -37 700555567 572.7605727605727
1466180595013 -35 700555782 572.7605727605727
1466180598015 -37 700555997 572.9513657561625
1466180601019 -37 700556212 572.5699067909454
1466180604022 -37 700556427 572.7605727605727
1466180607031 -37 700556642 571.6184778996344
1466180610032 -37 700556857 573.1422859046985
1466180613034 -35 700557072 572.9513657561625
1466180616038 -37 700557287 572.5699067909454
1466180619040 -37 700557502 572.9513657561625
1466180622043 -37 700557717 572.7605727605727
1466180625046 -37 700557932 572.7605727605727
1466180629410 -37 700558408 872.5939505041247
1466180631051 -37 700558408 0
1466180634056 -37 700558623 572.3793677204659
1466180637061 -37 700558838 572.3793677204659
1466180640066 -37 700559053 572.3793677204659
1466180643071 -37 700559268 572.3793677204659
1466180646076 -37 700559483 572.3793677204659
1466180649084 -37 700559698 571.8085106382979
1466180652084 -37 700559913 573.3333333333334
1466180655087 -37 700560128 572.7605727605727
1466180658090 -37 700560343 572.7605727605727
1466180661095 -37 700560558 572.3793677204659
1466180664100 -37 700560773 572.3793677204659
1466180667105 -37 700560988 572.3793677204659
1466180670110 -37 700561203 572.3793677204659
1466180673115 -37 700561418 572.3793677204659
1466180676118 -35 700561633 572.7605727605727
1466180679121 -37 700561848 572.7605727605727
1466180682126 -37 700562063 572.3793677204659
1466180685129 -39 700562063 0
1466180688134 -39 700562278 572.3793677204659
1466180692413 -35 700562493 401.9630754849264
1466180694140 -37 700562708 995.9467284308048
1466180697145 -37 700562923 572.3793677204659
1466180700149 -37 700563138 572.5699067909454
1466180703153 -37 700563353 572.5699067909454
1466180706157 -37 700563568 572.5699067909454
1466180709160 -37 700563783 572.7605727605727
1466180712163 -37 700563998 572.7605727605727
1466180715166 -37 700564213 572.7605727605727
1466180718169 -37 700564428 572.7605727605727
1466180721172 -35 700564643 572.7605727605727
1466180724176 -37 700564858 572.5699067909454
1466180727179 -35 700565073 572.7605727605727
1466180730184 -35 700565288 572.3793677204659
1466180733189 -37 700565503 572.3793677204659
1466180736194 -37 700565718 572.3793677204659
1466180739199 -37 700565933 572.3793677204659
1466180742204 -37 700566148 572.3793677204659
1466180745208 -37 700566363 572.5699067909454
1466180748211 -35 700566578 572.7605727605727
1466180751214 -37 700566793 572.7605727605727
1466180755410 -35 700567054 497.6167778836988
1466180757219 -37 700567269 950.8015478164732
1466180760224 -37 700567484 572.3793677204659
1466180763228 -37 700567699 572.5699067909454
1466180766232 -35 700567914 572.5699067909454
1466180769236 -35 700568129 572.5699067909454
1466180772239 -37 700568344 572.7605727605727
1466180775244 -37 700568559 572.3793677204659
1466180778249 -37 700568774 572.3793677204659
1466180781254 -37 700568989 572.3793677204659
1466180784259 -37 700569204 572.3793677204659
1466180787264 -35 700569419 572.3793677204659
1466180790267 -37 700569634 572.7605727605727
1466180793269 -37 700569849 572.9513657561625
1466180796272 -37 700570064 572.7605727605727
1466180799275 -37 700570279 572.7605727605727
1466180802278 -37 700570494 572.7605727605727
1466180805281 -39 700570494 0
1466180808284 -39 700570709 572.7605727605727
1466180811287 -37 700570924 572.7605727605727
1466180814290 -37 700571139 572.7605727605727
1466180818412 -35 700571354 417.2731683648714
1466180820296 -37 700571569 912.9511677282378
1466180823301 -37 700571784 572.3793677204659
1466180826306 -35 700571999 572.3793677204659
1466180829311 -37 700572214 572.3793677204659
1466180832316 -35 700572429 572.3793677204659
1466180835321 -37 700572644 572.3793677204659
1466180838324 -37 700572859 572.7605727605727
1466180841327 -35 700573074 572.7605727605727
1466180844332 -37 700573289 572.3793677204659
1466180847335 -37 700573504 572.7605727605727
1466180850338 -37 700573719 572.7605727605727
1466180853340 -35 700573934 572.9513657561625
1466180856343 -35 700574149 572.7605727605727
1466180859346 -37 700574364 572.7605727605727
1466180862352 -35 700574579 572.1889554224884
1466180865353 -37 700574794 573.1422859046985
1466180868357 -35 700575009 572.5699067909454
1466180871365 -37 700575224 571.8085106382979
1466180874367 -37 700575439 572.9513657561625
1466180877369 -37 700575654 572.9513657561625
1466180881410 -35 700575915 516.7037861915367
1466181502844 -33 728767505 39558493.64548495
1466181505848 -33 743275342 38636050.59920107
1466181508850 -35 758366473 40216205.19653565
1466181511854 -35 774206186 42182990.67909454
1466181514858 -35 792469251 48636657.78961385
1466181517860 -35 810507854 48070894.07061959
1466181520860 -35 833240737 60621021.333333336
1466181523863 -35 852227122 50579780.21978022
1466181526866 -35 865469667 35278175.158175156
1466181529879 -41 878338876 34169821.44042483
1466181532870 -33 898009985 52614133.06586426
1466181535874 -35 916023992 47973387.48335553
1466181538879 -35 930755129 39217669.21797005
1466181541882 -35 948354254 46884115.88411588
1466181544884 -35 963273205 39757364.42371752
1466181547890 -35 980862596 46811419.82701264
1466181550893 -35 1001292103 54424261.07226107
1466181553895 -35 1021706336 54401686.87541639
1466181556898 -35 1043072483 56919472.527472526
1466181559901 -35 1065461358 59644022.64402264
1466181562904 -35 1087335063 58271608.39160839
1466181565906 -35 1109372350 58726947.368421055
1466181568911 -35 1130898107 57306507.820299506
1466181571912 -35 1148161566 46020550.483172275
1466181574914 -35 1166620991 49192338.44103931
1466181577920 -35 1184370862 47238512.3087159
1466181580923 -35 1204848485 54552442.22444222
1466181583927 -35 1223009322 48364412.78295606
1466181586928 -35 1244180809 56438485.83805399
1466181589934 -37 1264390784 53785695.27611444
1466181592936 -35 1282638265 48627530.9793471
1466181595946 -35 1300256854 46826814.6179402
1466181598944 -35 1319980883 52632498.99933288
1466181601948 -35 1340559932 54804391.478029296
1466181604952 -35 1361604683 56044609.853528626
1466181607956 -35 1383662610 58742814.913448736
1466181610959 -35 1404456041 55393755.57775558
1466181613962 -35 1420736670 43371639.027639024
1466181616970 -35 1440693161 53075773.93617021
1466181619974 -35 1461587346 55643635.15312916
1466181622977 -35 1483031413 57127051.61505161
1466181625985 -35 1501285888 48549135.63829787
1466181628986 -35 1522733335 57174133.955348216
1466181631984 -35 1545343036 60332757.83855903
1466181634983 -35 1566228247 55712466.82227409
1466181637986 -35 1588344370 58917410.58941059
1466181640986 -35 1610879505 60093693.333333336
1466181643988 -35 1629697808 50148708.8607595
1466181646992 -35 1641755685 32111523.302263647
1466181649998 -35 1654153812 32995680.638722558
1466181653001 -35 1673155961 50621775.55777556
1466181656003 -35 1694262420 56246393.071285814
1466181659007 -35 1716299851 58688231.69107856
1466181662009 -35 1737888238 57530678.21452366
1466181665013 -35 1756840273 50471464.71371505
1466181668017 -35 1771896300 40095944.07456724
1466181671013 -35 1791958213 53569861.1481976
1466181674019 -35 1812519798 54721450.4324684
1466181677021 -35 1833469701 55829188.54097269
1466181680026 -35 1852372648 50323985.35773711
1466181683031 -35 1873985435 57538201.66389351
1466181686031 -35 1891678818 47182354.666666664
1466181689036 -35 1906403277 39199890.848585695
1466181692063 -35 1921281224 39320639.57713908
1466181695034 -35 1941267273 53816355.43588018
1466181698042 -35 1962315130 55978343.08510638
1466181701049 -35 1984233613 58313223.81110741
1466181704049 -35 2006532162 59462797.333333336
1466181707052 -35 2028439647 58361598.4015984
1466181710059 -35 2044955594 43939998.66977053
1466181713062 -35 2062961141 47966825.17482518
1466181716065 -35 2083596412 54972416.91641691
1466181719068 -35 2104344813 55273795.537795536
1466181722073 -35 2122860150 49292078.53577371
1466181725077 -35 2144404315 57374607.19041278
1466181728078 -35 2161946582 46763790.7364212
1466181731083 -35 2179901105 47799062.89517471
1466181734099 -35 2201324702 56826517.24137931
1466181737091 -35 2222335257 56177954.54545455
1466181740095 -35 2239359288 45336966.71105193
1466181743100 -35 2256809979 46457746.422628954
1466181746119 -35 2276788668 52941209.67207684
1466181749108 -35 2297197331 54623387.085981935
1466181752112 -37 2312914668 41857089.21438082
1466181755114 -35 2332724765 52791730.8461026
1466181758117 -35 2350425378 47154480.18648019
1466181761121 -35 2370977375 54732348.86817577
1466181764122 -35 2391599476 54973944.685104966
1466181767127 -35 2404289388 33783459.567387685
1466181770131 -41 2415679417 30332966.71105193
1466181773135 -35 2433650744 47859725.69906791
1466181776139 -35 2450955231 46083853.5286285
1466181779143 -35 2468272020 46116615.17976032
1466181782153 -35 2487928430 52242950.16611296
1466181785150 -35 2508430181 54726062.06206206
1466181788152 -35 2529695044 56668522.31845437
1466181791156 -35 2552006567 59418170.439414114
1466181794158 -35 2569097364 45545095.269820124
1466181797160 -37 2589137958 53405980.013324454
1466181800165 -35 2604181795 40050148.41930117
1466181803170 -35 2624683006 54578931.11480866
1466181806175 -35 2638930421 37929890.18302829
1466181809177 -35 2658783890 52907312.4583611
1466181812182 -35 2675804083 45311661.896838605
1466181815186 -35 2695885126 53478143.80825566
1466181818188 -35 2713779383 47686227.848101266
1466181821193 -35 2731041190 45954893.843594015
1466181824195 -35 2750969691 53107264.49033978
1466181827201 -35 2772346808 56891861.610113114
1466181830205 -35 2790740477 48984471.37150466
1466181833210 -35 2812466500 57839661.896838605
1466181836214 -35 2831559475 50846804.26098535
1466181839218 -35 2852849326 56697339.547270305
1466181842223 -35 2873760103 55669289.85024959
1466181845228 -35 2895480615 57824990.34941764
1466181848232 -35 2916545868 56099209.054593876
1466181851236 -35 2939134943 60157323.56857523
1466181854240 -35 2956836602 47141568.57523302
1466181857240 -35 2976835703 53330936
1466181860245 -35 2994306200 46510474.54242928
1466181863248 -35 3014228133 53072082.58408258
1466181866249 -35 3031391876 45754729.75674775
1466181869253 -35 3051205443 52765824.2343542
1466181872256 -35 3071647624 54458024.642024636
1466181875260 -35 3091777325 53607725.69906791
1466181878263 -35 3112981594 56488229.1042291
1466181881267 -35 3134277111 56712428.76165113
1466181884273 -35 3155378942 56159230.87159016
1466181887281 -35 3168679259 35373183.5106383
1466181890278 -35 3177996906 24871930.597263932
1466181893295 -35 3196765799 49768360.62313557
1466181896298 -35 3214888196 48278113.88611388
1466181899316 -35 3232475457 46619644.79787939
1466181902308 -35 3249542612 45634104.27807487
1466181905311 -35 3269323947 52697529.137529135
1466181908315 -35 3289639540 54102777.629826896
1466181911319 -35 3307292911 47012972.03728362
1466181914322 -35 3328396476 56219953.37995338
1466181917325 -37 3348237865 52857513.15351315
1466181920329 -35 3363870118 41630500.665778965
1466181923335 -35 3384263014 54272510.978043914
1466181926340 -35 3404946999 55065517.470881864
1466181929344 -35 3423044166 48194852.19707057
1466181932348 -35 3444245923 56462735.01997337
1466181935351 -35 3465229348 55899900.0999001
1466181938356 -35 3485334097 53523458.23627288
1466181941358 -35 3503699384 48941471.01932046
1466181944362 -35 3521341683 46983486.01864181
1466181947365 -35 3541816116 54543944.055944055
1466181950369 -35 3561461885 52318958.72170439
1466181953373 -35 3579303800 47515086.55126498
1466181956376 -35 3596157493 44898283.05028305
1466181959380 -35 3613432490 46005318.242343545
1466181962383 -35 3630803327 46275956.04395604
1466181965387 -35 3650251260 51792098.535286285
1466181968392 -35 3670393085 53622163.061564066
1466181971393 -35 3692073648 57795569.476841055
1466181974399 -35 3709703643 46919481.037924156
1466181977403 -35 3724243540 38721430.09320906
1466181980407 -35 3744018085 52661904.12782956
1466181983410 -35 3763796960 52690975.69097569
1466181986412 -35 3784202075 54377388.40772819
1466181989416 -35 3799763806 41442692.41011984
1466181992419 -35 3818152513 48987564.435564436
1466181995422 -35 3835661032 46642741.25874126
1466181998426 -35 3849889407 37891810.91877497
1466182001430 -35 3869442716 52072727.030625835
1466182004448 -35 3886391995 44928506.29555998
1466182007436 -35 3895336224 23947065.595716197
1466182010438 -35 3908480881 35029065.95602932
1466182015412 -35 3936284693 44718636.107760355
1466182016442 -35 3942990065 52080559.22330097
1466182019445 -35 3960325076 46180515.48451548
1466182022448 -35 3980151131 52816663.336663336
1466182025451 -35 3996892978 44600325.008325
1466182028456 -35 4016762477 52897168.718802
1466182031459 -35 4033732344 45207770.89577089
1466182034464 -35 4050595675 44894059.234608985
1466182037466 -35 4064941266 38229423.05129914
1466182040470 -35 4085061679 53582990.67909454
1466182043472 -37 4103047568 47930417.05529647
1466182046473 -35 4122182147 51008541.15294902
1466182049476 -35 4142519542 54178874.45887446
1466182052477 -35 4162504437 53275294.90169944
1466182055481 -35 4180431152 47740918.77496671
1466182058486 -35 4198669259 48554028.61896839
1466182061491 -37 4216671798 47926892.5124792
1466182064492 -35 4234293543 46975661.446184605
1466182067497 -35 4251697680 46333808.98502496
1466182070503 -35 4268436241 44547068.52960745
1466182073504 -35 4285532130 45573846.05131623
1466182078412 -35 20441304 -6952063286.063569
1466182079511 -35 27915370 54406303.912647866
1466182082516 -35 47349785 51738875.20798669
1466182085517 -35 66959318 52274663.1122959
1466182088530 -35 87360307 54167909.72452705
1466182091524 -35 107897798 54876395.457581826
1466182094527 -35 128604589 55162946.38694639
1466182097529 -35 145844740 45943107.26182545
1466182100534 -35 159725255 36953118.13643927
1466182103537 -35 179411366 52443852.147852145
1466182106542 -35 196488987 45464548.41930117
1466182109544 -35 216093130 52242886.07594937
1466182112548 -35 236122079 53339411.451398134
1466182115551 -35 256167870 53402040.62604062
1466182118551 -35 276881313 55235848
1466182121558 -33 297565892 55030472.89657465
1466182124560 -35 318386823 55485492.338441044
1466182127562 -35 327350602 23887485.676215857
1466182130565 -35 339276015 31769332.001332
1466182133568 -35 359149280 52942430.9024309
1466182136570 -35 379387101 53931568.287808135
1466182141410 -35 406445803 44725127.27272727
1466182142578 -35 414256283 53496438.35616439
1466182145581 -35 433762974 51965876.78987679
1466182148586 -35 453094485 51464921.13144759
1466182151588 -35 473356334 53995600.266489014
1466182154592 -35 494080541 55190964.04793608
1466182157595 -35 514466354 54307860.13986014
1466182160600 -35 534201305 52538971.04825291
1466182163602 -33 551803212 46907147.235176556
1466182166605 -35 567115517 40792021.31202131
1466182169607 -35 580595720 35923259.16055963
1466182172609 -35 600300867 52512050.6329114
1466182175614 -35 617322110 45314457.23793677
1466182178619 -35 634097793 44660720.133111484
1466182181623 -35 653969048 52919454.06125166
1466182184625 -35 672771519 50106518.32111926
1466182187628 -35 693091460 54132376.956376955
1466182190633 -35 713804397 55142594.34276207
1466182193639 -35 734675422 55544976.71324019
1466182196642 -35 755752587 56149623.70962371
1466182199644 -35 777179216 57099610.92604931
1466182204408 -35 810124875 55324364.39966415
1466182205650 -35 818540280 54205507.24637681
1466182208655 -33 838765935 53845337.770382695
1466182211658 -35 859007846 53924504.82850482
1466182214661 -35 878704237 52471238.09523809
1466182217665 -35 897830024 50934186.418109186
1466182220667 -35 917788671 53187600.266489014
1466182223672 -35 937089286 51382668.88519135
1466182226677 -35 956492525 51655877.5374376
1466182229680 -35 976861334 54262561.43856144
1466182232684 -35 997070105 53818298.2689747
1466182235688 -35 1016839420 52647976.03195739
1466182238694 -35 1036892759 53368833.00066534
1466182241698 -35 1057017320 53594037.28362184
1466182244701 -35 1076834425 52792820.51282051
1466182247704 -35 1088108392 30033878.12187812
1466182250707 -35 1102061901 37172185.14818515
1466182253712 -35 1122509424 54436001.33111481
1466182256716 -35 1141327885 50115741.677762985
1466182259720 -35 1155419144 37526655.12649801
1466182262722 -33 1174574673 51047379.08061293
1466182267415 -35 1205061376 51969662.0498615
1466182268727 -35 1213957545 54244932.92682926
1466182271731 -35 1233932452 53195491.3448735
1466182274737 -35 1253762905 52775656.68662675
1466182277742 -35 1271463764 47123751.08153079
1466182280747 -35 1286865274 41002356.07321131
1466182283750 -35 1305532999 49730869.13086913
1466182286754 -35 1323575268 48048652.463382155
1466182289756 -35 1339176191 41574744.83677549
1466182292759 -35 1358314528 50984580.75258075
1466182295764 -35 1377022819 49805766.389351085
1466182298769 -35 1396428770 51663097.50415973
1466182301773 -35 1416269609 52838452.72969374
1466182304777 -37 1430675748 38365217.04394141
1466182307780 -35 1448889701 48522019.314019315
1466182310782 -35 1464997016 42924223.85076616
1466182313784 -35 1483763631 50010966.02265157
1466182316789 -35 1502968770 51128489.85024959
1466182319794 -35 1522107501 50951696.50582363
1466182322797 -35 1541570498 51849475.857475854
1466182325798 -35 1560704831 51007885.37154282
1466182330414 -35 1590812224 52179190.64124784
1466182331803 -35 1599994927 52888138.22894169
1466182334807 -35 1620063478 53444876.16511318
1466182337810 -35 1640403695 54186392.27439227
1466182340813 -35 1656685156 43373855.477855474
1466182343815 -35 1675975455 51406526.315789476
1466182346818 -33 1695160902 51110081.91808192
1466182349821 -35 1714041859 50298919.74691974
1466182352825 -35 1729563831 41336809.58721704
1466182355827 -35 1743404606 36884143.90406396
1466182358830 -35 1759687020 43376394.27239427
1466182361832 -35 1778540561 50242614.25716189
1466182364837 -35 1796161668 46911432.945091516
1466182367840 -39 1805203499 24087461.871461872
1466182370844 -35 1819292636 37521003.994673766
1466182373847 -35 1838609149 51459242.09124209
1466182376852 -35 1858634968 53313328.45257904
1466182379854 -35 1878578539 53147424.38374417
1466182382856 -35 1891474222 34365577.61492339
1466182385861 -35 1891474437 572.3793677204659
1466182388865 -37 1891474652 572.5699067909454
1466182393410 -37 1891475082 756.8756875687569
1466182394871 -37 1891475082 0
1466182397876 -37 1891475297 572.3793677204659
1466182400879 -35 1891475512 572.7605727605727
1466182403882 -37 1891475727 572.7605727605727
1466182406884 -37 1891475942 572.9513657561625
1466182409887 -37 1891476157 572.7605727605727
1466182412890 -35 1891476372 572.7605727605727
1466182415894 -37 1891476587 572.5699067909454
1466182418899 -35 1891476802 572.3793677204659
1466182421904 -37 1891477017 572.3793677204659
1466182424912 -37 1891477232 571.8085106382979
1466182427911 -37 1891477447 573.5245081693897
1466182430915 -35 1891477662 572.5699067909454
1466182433920 -37 1891477877 572.3793677204659
1466182436925 -35 1891478092 572.3793677204659
1466182439928 -35 1891478307 572.7605727605727
1466182442930 -35 1891478522 572.9513657561625
1466182445933 -35 1891478737 572.7605727605727
1466182448936 -37 1891478952 572.7605727605727
1466182451940 -35 1891479167 572.5699067909454
1466182456415 -35 1891479597 768.7150837988827
1466182457946 -35 1891479597 0
1466182460949 -35 1891479812 572.7605727605727
1466182463952 -37 1891480027 572.7605727605727
1466182466958 -35 1891480242 572.1889554224884
1466182469958 -37 1891480457 573.3333333333334
1466182472961 -37 1891480672 572.7605727605727
1466182475965 -37 1891480887 572.5699067909454
1466182478968 -37 1891481102 572.7605727605727
1466182481971 -35 1891481317 572.7605727605727
1466182484976 -39 1891481532 572.3793677204659
1466182487981 -39 1891481747 572.3793677204659
1466182490986 -37 1891481962 572.3793677204659
1466182493991 -37 1891482177 572.3793677204659
1466182496996 -37 1891482392 572.3793677204659
1466182500001 -37 1891482607 572.3793677204659
1466182503005 -37 1891482822 572.5699067909454
1466182506009 -35 1891483083 695.0732356857524
1466182509012 -35 1891483298 572.7605727605727
1466182512015 -35 1891483513 572.7605727605727
1466182515018 -37 1891483728 572.7605727605727
1466182519419 -37 1891484158 781.6405362417632
1466182521023 -37 1891484158 0
1466182524027 -37 1891484373 572.5699067909454
1466182527031 -37 1891484588 572.5699067909454
1466182530035 -37 1891484803 572.5699067909454
1466182533039 -37 1891485018 572.5699067909454
1466182536043 -35 1891485233 572.5699067909454
1466182539048 -35 1891485448 572.3793677204659
1466182542053 -37 1891485663 572.3793677204659
1466182545058 -37 1891485878 572.3793677204659
1466182548061 -37 1891486093 572.7605727605727
1466182551066 -35 1891486308 572.3793677204659
1466182554069 -37 1891486523 572.7605727605727
1466182557072 -35 1891486738 572.7605727605727
1466182560084 -37 1891486953 571.0491367861886
1466182563086 -37 1891487168 572.9513657561625
1466182566089 -35 1891487383 572.7605727605727
1466182569092 -37 1891487598 572.7605727605727
1466182572095 -35 1891487813 572.7605727605727
1466182575098 -37 1891488028 572.7605727605727
1466182578101 -35 1891488243 572.7605727605727
1466182582410 -35 1891488458 399.1645393362729
1466182584107 -37 1891488673 1013.553329404832
1466182587110 -37 1891488888 572.7605727605727
1466182590115 -35 1891489103 572.3793677204659
1466182593120 -35 1891489318 572.3793677204659
1466182596125 -35 1891489533 572.3793677204659
1466182599130 -35 1891489748 572.3793677204659
1466182602135 -37 1891489963 572.3793677204659
1466182605140 -39 1891490178 572.3793677204659
1466182608145 -39 1891490393 572.3793677204659
1466182611150 -37 1891490608 572.3793677204659
1466182614155 -35 1891490823 572.3793677204659
1466182617160 -35 1891491038 572.3793677204659
1466182620165 -37 1891491253 572.3793677204659
1466182623168 -37 1891491468 572.7605727605727
1466182626171 -37 1891491683 572.7605727605727
1466182629173 -35 1891491944 695.5363091272485
1466182632176 -35 1891492159 572.7605727605727
1466182635179 -37 1891492374 572.7605727605727
1466182638182 -37 1891492589 572.7605727605727
1466182641185 -35 1891492804 572.7605727605727
1466182645410 -35 1891493019 407.10059171597635
1466182647190 -37 1891493234 966.2921348314607
1466182650194 -35 1891493449 572.5699067909454
1466182653199 -37 1891493664 572.3793677204659
1466182656204 -37 1891493879 572.3793677204659
1466182659209 -35 1891494094 572.3793677204659
1466182662212 -35 1891494309 572.7605727605727
1466182665216 -37 1891494524 572.5699067909454
1466182668221 -37 1891494739 572.3793677204659
1466182671225 -37 1891494954 572.5699067909454
1466182674230 -35 1891495169 572.3793677204659
1466182677234 -37 1891495384 572.5699067909454
1466182680240 -35 1891495599 572.1889554224884
1466182683241 -35 1891495814 573.1422859046985
1466182686245 -35 1891496029 572.5699067909454
1466182689253 -37 1891496244 571.8085106382979
1466182692255 -37 1891496459 572.9513657561625
1466182695258 -37 1891496674 572.7605727605727
1466182698261 -35 1891496889 572.7605727605727
1466192024194 -35 1927448807 48271446.15384615
1466192027197 -33 1950397952 61136583.41658341
1466192030202 -33 1973890911 62543651.24792013
1466192033203 -35 1997199226 62134795.068310566
1466192036208 -35 2015780059 49466443.92678869
1466192039212 -35 2037409260 57601067.90945406
1466192042216 -35 2052790577 40962229.027962714
1466192045221 -35 2070191750 46325918.13643927
1466192048222 -35 2090703205 54678987.004331894
1466192051235 -35 2111643880 55600862.92731497
1466192054229 -35 2128902623 46115545.75818303
1466192057232 -35 2149134214 53897012.32101232
1466192060237 -35 2166672795 46691729.78369384
1466192063239 -35 2184160436 46602640.906062625
1466192066242 -35 2198770363 38920884.44888445
1466192069247 -35 2218729226 53135076.2063228
1466192072249 -35 2235936475 45855427.048634246
1466192075251 -35 2251206622 40693263.15789474
1466192078258 -35 2271287123 53423348.187562354
1466192081262 -35 2291868276 54809994.67376831
1466192084264 -35 2312184489 54140474.35043305
1466192087270 -35 2325307111 34923811.04457752
1466192090276 -39 2332891026 20183406.520292748
1466192093280 -35 2353336105 54447613.8482024
1466192096285 -35 2374880332 57355679.201331116
1466192099289 -35 2389148487 37997749.66711052
1466192102291 -35 2408910026 52662329.11392406
1466192105295 -35 2426361411 46475059.92010652
1466192108298 -35 2443465890 45566377.62237762
1466192111302 -35 2462922846 51816127.829560585
1466192114306 -35 2477603039 39095054.593874834
1466192117316 -35 2497011395 51583670.43189369
1466192120320 -35 2514220798 45830633.82157124
1466192123319 -37 2530832339 44312213.40446816
1466192126323 -35 2549067138 48561382.157123834
1466192129327 -35 2567036441 47854335.55259654
1466192132330 -35 2586905530 52931306.02730603
1466192135332 -35 2604064785 45727528.31445703
1466192138340 -35 2624354822 53962864.36170213
1466192141346 -35 2645057065 55095789.75382569
1466192144348 -35 2665975922 55746454.3637575
1466192147356 -35 2683385409 46301827.127659574
1466192150357 -35 2703384436 53312967.67744085
1466192153358 -35 2724575585 56490900.366544485
1466192156360 -35 2742694946 48286105.2631579
1466192159362 -35 2763751157 56112487.67488342
1466192162366 -35 2781650888 47669057.25699068
1466192165369 -35 2800843389 51128873.79287379
1466192168373 -35 2818177998 46164071.90412783
1466192171377 -35 2838240543 53428881.49134488
1466192174380 -35 2858623596 54300507.49250749
1466192177383 -35 2876647625 48016061.27206127
1466192180387 -35 2894194936 46730521.970705725
1466192183392 -35 2914907663 55142035.27454243
1466192186400 -35 2932490912 46763960.10638298
1466192189398 -35 2952956801 54612112.07471647
1466192192404 -35 2971715892 49924393.87890885
1466192195408 -39 2987345569 41623640.47936085
1466192198413 -35 3000530248 35100642.92845258
1466192201417 -35 3018126009 46859549.9334221
1466192204448 -37 3033837168 41467922.13790828
1466192207425 -35 3040898652 18976107.490762513
1466192210450 -39 3052706820 31228212.892561983
1466192213434 -35 3070627599 48044983.91420911
1466192216441 -35 3088955248 48759957.43265713
1466192221410 -35 3120487414 50766216.14006842
1466192222449 -35 3127471920 53778679.499518774
1466192225451 -35 3145929973 49188682.211858764
1466192228453 -35 3164626168 49823304.46369088
1466192231457 -35 3185606475 55872988.015978694
1466192234460 -35 3204301542 49803708.29170829
1466192237463 -35 3221090351 44725431.9014319
1466192240468 -35 3238949272 47544548.41930117
1466192243471 -35 3257396957 49144681.984681986
1466192246472 -35 3275539336 48363556.14795069
1466192249478 -35 3293224803 47067111.11111111
1466192252478 -35 3310857374 47020189.333333336
1466192255485 -35 3328583267 47159010.30927835
1466192258486 -35 3345448340 44958541.81939354
1466192261490 -35 3362938801 46579123.83488682
1466192264493 -35 3380167132 45896319.68031968
1466192267503 -35 3397823675 46927689.03654485
1466192270503 -35 3415724106 47734482.666666664
1466192273506 -35 3433485187 47315567.0995671
1466192276511 -35 3450977706 46569102.16306157
1466192279513 -35 3468713143 47262990.00666223
1466192284420 -35 3497242917 46512776.0342368
1466192285519 -35 3503597721 46258809.82711556
1466192288525 -35 3521204042 46856476.38057219
1466192291530 -35 3538761795 46742770.049916804
1466192294534 -35 3556430386 47053504.66045273
1466192297539 -35 3573719833 46028477.87021631
1466192300541 -35 3591327582 46922715.52298468
1466192303551 -35 3608637913 46007524.2524917
1466192306548 -35 3621162172 33431455.455455456
1466192309551 -35 3635688787 38698941.05894106
1466192312557 -35 3650098968 38350448.43646041
1466192315558 -35 3664727183 38995574.8083972
1466192318564 -35 3681583724 44861053.89221557
1466192321569 -35 3698670897 45489978.036605656
1466192324573 -35 3715873644 45812908.122503325
1466192327578 -35 3726629279 28633970.049916808
1466192330581 -35 3738939278 32793870.129870128
1466192333584 -35 3756485015 46741890.10989011
1466192336588 -35 3773918342 46426969.37416778
1466192339593 -35 3791196591 45998666.22296173
1466192342597 -35 3808552560 46220956.05858855
1466192347409 -35 3835824562 45339986.69991687
1466192348603 -35 3842954248 47770090.45226131
1466192351607 -35 3860405497 46474697.736351535
1466192354610 -35 3877527426 45612864.46886447
1466192357613 -35 3895055385 46694529.47052947
1466192360618 -35 3912662100 46873118.13643927
1466192363622 -35 3930160901 46601334.22103862
1466192366625 -35 3947880076 47203929.403929405
1466192369628 -35 3965062017 45772736.596736595
1466192372633 -35 3982293696 45874686.18968386
1466192375637 -35 3999425217 45623225.03328895
1466192378641 -35 4016487350 45438436.75099867
1466192381643 -35 4034239587 47307760.15989341
1466192384646 -35 4051661674 46412486.18048618
1466192387649 -35 4068920925 45978690.64269064
1466192390654 -35 4086164572 45906547.75374376
1466192393657 -35 4103434667 46007579.08757909
1466192396664 -35 4120555356 45548889.9235118
1466192399663 -35 4137793883 45984733.57785928
1466192402666 -35 4155206998 46388584.74858475
1466192405670 -35 4172334263 45611890.81225033
1466192410416 -35 4200060426 46736052.254530124
1466192411680 -35 4207423009 46598626.58227848
1466192414697 -35 4225011006 46637048.72389791
1466192417713 -35 4242064733 45235350.132626
1466192420704 -35 4259657890 47056254.09562019
1466192423709 -35 4276940605 46010555.74043261
1466192426710 -35 4294353170 46418033.988670446
1466192429713 -35 16809599 -11395387468.531467
1466192432717 -35 34712416 47677275.63249002
1466192435722 -35 52109431 46314848.58569052
1466192438726 -35 69926326 47448455.392809585
1466192441730 -35 87500139 46801099.86684421
1466192444733 -35 104735318 45914562.77056277
1466192447738 -35 114874589 26993067.55407654
1466192450740 -35 126779276 31724682.211858764
1466192453743 -35 141405625 38964632.7006327
1466192456745 -35 158032696 44309316.4556962
1466192459748 -35 174632685 44222414.91841491
1466192462752 -35 191712380 45485206.39147803
1466192465754 -35 208759251 45428037.30846103
1466192468759 -33 227612400 50191411.64725458
1466192473410 -35 258185281 52587195.87185552
1466192474761 -35 268499421 61075588.45299778
1466192477765 -35 289906292 57008977.36351531
1466192480767 -33 310394765 54599528.31445703
1466192483772 -35 327770346 46257786.356073216
1466192486775 -33 346397115 49621762.237762235
1466192489781 -35 361786784 40957202.92747838
1466192492785 -33 382922755 56287539.28095872
1466192495787 -35 402686978 52669481.67888075
1466192498792 -35 421666599 50528109.15141431
1466192501794 -35 438891636 45902830.11325783
1466192504799 -35 456149211 45943627.287853576
1466192507799 -35 470509678 38294578.666666664
1466192510803 -35 487550503 45381691.07856192
1466192513806 -35 500229256 33776231.768231764
1466192516809 -35 517853531 46951115.55111555
1466192519813 -35 535462844 46895640.47936085
1466192522819 -35 552670923 45796617.43180306
1466192525822 -35 570709004 48053495.83749583
1466192528825 -35 588935621 48555756.24375624
1466192531828 -35 607778490 50197453.21345321
1466192536418 -35 637949675 52585943.355119824
1466192537835 -35 646107058 46054385.32110091
1466192540837 -35 664867169 49993633.577614926
1466192543842 -33 683100932 48542463.89351082
1466192546845 -35 702015071 50387316.68331668
1466192549849 -35 715401579 35649821.57123835
1466192552852 -35 731166950 41998990.34299034
1466192555857 -33 747338766 43053087.52079867
1466192558860 -35 761258799 37083004.995005
1466192561863 -33 778090026 44838433.566433564
1466192564866 -37 793270967 40442067.26606727
1466192567869 -33 800551396 19395082.25108225
1466192570874 -35 812361490 31441182.029950086
1466192573876 -33 830377457 48010571.61892072
1466192576879 -35 846206754 42169289.37728938
1466192579882 -33 857622277 30410983.68298368
1466192582888 -33 872289312 39034025.2827678
1466192585889 -35 889946731 47070760.4131956
1466192588891 -35 904964876 40021705.5296469
1466192591896 -35 921433991 43844565.72379368
1466192594899 -37 940045490 49581082.91708291
1466192599412 -35 968080714 49696829.60336805
1466192600904 -35 976225952 43674198.39142091
1466192603908 -33 995651513 51732519.30758988
1466192606912 -33 1014076894 49068924.101198405
1466192609916 -35 1030642061 44114958.72170439
1466192612919 -33 1046464624 42151349.98334998
1466192615922 -35 1061672085 40512716.616716616
1466192618927 -35 1078326464 44337781.031613976
1466192621929 -35 1092592483 38017372.41838774
1466192624934 -35 1106716284 37600801.33111481
1466192627937 -35 1123123793 43709647.68564768
1466192630940 -35 1137826896 39169105.56110556
1466192633944 -35 1154060643 43232348.86817577
1466192636949 -35 1166012880 31819599.334442597
1466192639948 -35 1181832645 42200106.702234074
1466192642952 -35 1196179028 38206079.89347537
1466192645958 -35 1212749935 44100883.566200934
1466192648961 -35 1229558222 44777321.34532134
1466192651964 -35 1246452777 45007139.52713952
1466192654968 -35 1263169934 44519725.69906791
1466192657973 -35 1280357797 45758037.93677205
1466192662420 -35 1305521513 45268659.320890486
1466192663979 -35 1314255167 44816697.8832585
1466192666982 -35 1331598920 46203804.19580419
1466192669984 -35 1348867725 46019467.021985345
1466192672988 -35 1365759178 44983896.13848203
1466192675993 -35 1382629083 44911560.732113145
1466192678999 -35 1399574618 45097897.538256824
1466192682002 -37 1415289299 41863952.04795205
1466192685009 -39 1429635908 38168564.017292984
1466192688008 -35 1438735978 24274944.981660552
1466192691012 -35 1451593353 34240679.09454061
1466192694016 -35 1468501725 45028953.395472705
1466192697019 -35 1485856848 46234093.9060939
1466192700020 -35 1503017391 45746199.26691103
1466192703025 -35 1519805010 44692496.50582363
1466192706028 -35 1536807665 45295118.215118214
1466192709032 -35 1554269450 46502756.324900135
1466192712036 -35 1571306309 45371129.16111851
1466192715038 -35 1588567020 45997897.401732184
1466192718039 -35 1605745473 45793943.35221593
1466192721044 -35 1622969386 45854011.31447587
1466192725414 -35 1647757168 45378090.61784897
1466192727047 -35 1657024476 45400161.66564605
1466192730049 -35 1673911027 45000802.13191206
1466192733054 -35 1691158938 45917899.50083195
1466192736059 -35 1708633283 46520718.80199667
1466192739062 -35 1726153914 46675007.65900765
1466192742064 -35 1743474817 46158302.465023324
1466192745067 -35 1760678436 45830486.846486844
1466192748069 -35 1777582323 45047000.66622252
1466192751074 -35 1794362108 44671640.59900167
1466192754079 -35 1811561029 45787476.8718802
1466192757081 -35 1828478836 45084095.936042644
1466192760083 -35 1845361185 44989604.26382412
1466192763087 -35 1862491540 45620119.84021305
1466192766091 -35 1879684907 45787928.09587217
1466192769093 -35 1896757744 45497233.84410393
1466192772095 -35 1914000569 45950233.17788141
1466192775100 -35 1931362176 46220584.359401
1466192778105 -35 1948221009 44882084.52579035
1466192781108 -35 1965326746 45569728.937728934
1466192784110 -35 1979663719 38206457.02864757
1466192788419 -35 2001254498 40084992.34161058
1466192790118 -35 2007959121 31569737.49264273
1466192793121 -35 2024154262 43143898.76789877
1466192796123 -35 2040843193 44474166.55562958
1466192799128 -35 2057273856 43742197.67054909
1466192802131 -35 2071628531 38240892.44089244
1466192805135 -35 2086334300 39163166.44474035
1466192808138 -39 2095874698 25415645.687645685
1466192811141 -35 2106861889 29269906.093906093
1466192814146 -35 2123908198 45381188.68552413
1466192817150 -35 2138580527 39074111.85086551
1466192820151 -35 2155203520 44313210.26324559
1466192823155 -35 2171955547 44612588.548601866
1466192826160 -35 2189137614 45742607.65391015
1466192829164 -35 2205906347 44657078.56191745
1466192832169 -35 2219931024 37336910.48252912
1466192835171 -35 2234361349 38455229.846768826
1466192838177 -35 2250801944 43754078.50964738
1466192841180 -35 2267697645 45010192.47419247
1466192844184 -35 2284211030 43977057.25699068
1466192847186 -35 2301174405 45205529.64690207
1466192851408 -35 2324797526 44761953.57650402
1466192853192 -35 2334758191 44666659.19282511
1466192856198 -35 2351269902 43943342.64803726
1466192859203 -35 2368045425 44660294.176372714
1466192862205 -35 2385242876 45829316.4556962
1466192865210 -35 2402953833 47150634.27620632
1466192868215 -35 2420681010 47193815.640599005
1466192871219 -35 2437425437 44592348.86817577
1466192874224 -35 2454617578 45769426.95507488
1466192877227 -35 2471549473 45106613.386613384
1466192880228 -35 2488588366 45421907.36421193
1466192883232 -35 2505782281 45789387.48335553
1466192886237 -35 2522822628 45365316.47254576
1466192889242 -35 2537267921 38456686.85524127
1466192892244 -35 2553693040 43771136.575616255
1466192895248 -35 2570477453 44698836.2183755
1466192898253 -35 2587350118 44918908.485856906
1466192901256 -35 2604368855 45337960.705960706
1466192904261 -35 2621549716 45739397.00499168
1466192907265 -35 2638588939 45377424.76697736
1466192910271 -35 2652866746 37998155.68862276
1466192914409 -35 2673411837 39719847.26921218
1466192916275 -35 2683464430 43097933.5476956
1466192919277 -35 2700370121 45051808.12791473
1466192922278 -35 2717336698 45229128.95701433
1466192925283 -35 2732839833 41272905.158069886
1466192928286 -35 2743084022 27290546.786546785
1466192931289 -35 2757215537 37646393.606393605
1466192934292 -35 2774432008 45864724.60872461
1466192937295 -35 2791576865 45673944.72194472
1466192940299 -35 2808712402 45633920.10652463
1466192943302 -35 2825433317 44544562.104562104
1466192946305 -35 2842315748 44974841.158841155
1466192949307 -35 2859119347 44779744.17055297
1466192952316 -35 2875865460 44522733.13393154
1466192955317 -35 2892804193 45154903.03232256
1466192958319 -35 2909984614 45783933.37774817
1466192961321 -35 2926655851 44427013.99067289
1466192964325 -35 2943563660 45027454.06125166
1466192967330 -35 2960625611 45422831.281198
1466192970332 -35 2977567074 45147136.57561626
1466192973337 -35 2994386451 44777043.59400999
1466192977411 -35 3017763342 45904547.86450663
1466192979341 -35 3028699129 45329687.046632126
1466192982343 -35 3045671959 45230726.18254498
1466192985348 -35 3062565706 44975033.61064892
1466192988355 -35 3079368579 44703353.50848021
1466192991356 -35 3081819234 6532902.365878041
1466192994358 -35 3081819449 572.9513657561625
1466192997361 -35 3081819664 572.7605727605727
1466193000364 -35 3081819879 572.7605727605727
1466193003367 -35 3081820094 572.7605727605727
1466193006370 -35 3081820355 695.3046953046953
1466193009373 -35 3081820570 572.7605727605727
1466193012377 -37 3081820785 572.5699067909454
1466193015381 -35 3081821000 572.5699067909454
1466193018386 -35 3081821215 572.3793677204659
1466193021391 -35 3081821430 572.3793677204659
1466193024396 -35 3081821645 572.3793677204659
1466193027401 -37 3081821860 572.3793677204659
1466193030406 -35 3081822075 572.3793677204659
1466193033411 -35 3081822290 572.3793677204659
1466193036413 -37 3081822505 572.9513657561625
1466193040419 -37 3081822935 858.7119321018472
1466193042418 -35 3081822935 0
1466193045421 -39 3081823150 572.7605727605727
1466193048424 -39 3081823365 572.7605727605727
1466193051428 -35 3081823365 0
1466193054431 -37 3081823580 572.7605727605727
1466193057434 -37 3081823795 572.7605727605727
1466193060437 -35 3081824010 572.7605727605727
1466193063440 -37 3081824225 572.7605727605727
1466193066442 -35 3081824440 572.9513657561625
1466193069445 -35 3081824655 572.7605727605727
1466193072449 -35 3081824870 572.5699067909454
1466193075451 -35 3081825085 572.9513657561625
1466193078454 -35 3081825300 572.7605727605727
1466193081458 -35 3081825515 572.5699067909454
1466193084462 -35 3081825730 572.5699067909454
1466193087466 -35 3081825945 572.5699067909454
1466193090471 -37 3081826160 572.3793677204659
1466193093475 -35 3081826375 572.5699067909454
1466193096480 -37 3081826590 572.3793677204659
1466193099485 -35 3081826805 572.3793677204659
1466193103410 -35 3081827235 876.4331210191083
1466193105492 -35 3081827235 0
1466193108497 -35 3081827450 572.3793677204659
1466193111502 -35 3081827665 572.3793677204659
1466193114507 -37 3081827880 572.3793677204659
1466193117510 -35 3081828095 572.7605727605727
1466193120512 -35 3081828310 572.9513657561625
1466193123515 -35 3081828525 572.7605727605727
1466193126519 -35 3081828740 572.5699067909454
1466193129523 -35 3081829001 695.0732356857524
1466193132528 -37 3081829216 572.3793677204659
1466193135533 -37 3081829431 572.3793677204659
1466193138538 -35 3081829646 572.3793677204659
1466193141541 -35 3081830451 2144.5221445221446
1466193144546 -35 3081830666 572.3793677204659
1466193147549 -35 3081830923 684.6486846486846
1466193150554 -35 3081831138 572.3793677204659
1466193153559 -35 3081831353 572.3793677204659
1466193156562 -35 3081831568 572.7605727605727
1466193159567 -35 3081831783 572.3793677204659
1466193162570 -35 3081831998 572.7605727605727
1466193166432 -39 3081832213 445.36509580528224
1466193168578 -39 3081832428 801.4911463187326
1466193171581 -35 3081832643 572.7605727605727
1466193174585 -35 3081832858 572.5699067909454
1466193177589 -35 3081833073 572.5699067909454
1466193180593 -37 3081833288 572.5699067909454
1466193183599 -35 3081833503 572.1889554224884
1466193186603 -35 3081833718 572.5699067909454
1466193189606 -35 3081833933 572.7605727605727
1466193192609 -37 3081834148 572.7605727605727
1466193195613 -35 3081834363 572.5699067909454
1466193198617 -37 3081834578 572.5699067909454
1466193201623 -35 3081834793 572.1889554224884
1466193204624 -35 3081835008 573.1422859046985
1466193207630 -37 3081835223 572.1889554224884
1466193210637 -35 3081835438 571.9986697705353
1466193213640 -37 3081835653 572.7605727605727
1466193216644 -35 3081835868 572.5699067909454
1466193219647 -37 3081836083 572.7605727605727
1466194911735 -35 3112784151 39093939.39393939
1466194914737 -35 3126068984 35402619.58694204
1466194917740 -35 3146356657 54046414.91841491
1466194920747 -35 3168532665 58998358.4968407
1466194923750 -35 3190969620 59772107.89210789
1466194926754 -35 3213389515 59706777.629826896
1466194930411 -35 3240298993 58866782.60869565
1466194932760 -35 3255230847 50853483.18433376
1466194935762 -35 3273848918 49615112.591605596
1466194938769 -33 3292713467 50188357.83172597
1466194941771 -35 3311244074 49382030.646235846
1466194944775 -35 3330397021 51006516.64447404
1466194947778 -35 3349704724 51435772.22777223
1466194950780 -35 3367728353 48030990.00666223
1466194953783 -35 3386350600 49609715.61771562
1466194956788 -35 3404196297 47509343.094841935
1466194959792 -35 3422541924 48856529.960053265
1466194962795 -35 3441068403 49354589.41058941
1466194965798 -35 3456122512 40104186.48018648
1466194968804 -35 3467286623 29711539.587491684
1466194971806 -35 3483117759 42188237.175216526
1466194974810 -35 3501315484 48462649.80026631
1466194977817 -35 3519276563 47784713.00299302
1466194980821 -35 3536955458 47080945.406125166
1466194983826 -35 3554539425 46812557.737104826
1466194986831 -35 3571983114 46439105.490848586
1466194989834 -35 3590055637 48145249.41724942
1466194993416 -35 3611112527 47028230.039084315
1466194995839 -35 3625807557 48518464.7131655
1466194998844 -35 3643481422 47051886.85524127
1466195001851 -35 3661716345 48513263.71799135
1466195004860 -35 3679702034 47818382.18677302
1466195007859 -35 3697827953 48351901.30043348
1466195010869 -35 3715809298 47790950.16611296
1466195013875 -35 3734172005 48869479.70725217
1466195016875 -35 3751500754 46209997.333333336
1466195019880 -35 3769108381 46875546.089850254
1466195022884 -35 3787092946 47894980.02663116
1466195025894 -35 3804934039 47418187.37541529
1466195028902 -35 3822763106 47417731.38297872
1466195031907 -35 3837993147 40545866.22296173
1466195034910 -35 3855126564 45643468.53146853
1466195037912 -35 3872984173 47588564.95669554
1466195040915 -35 3890910742 47756427.57242757
1466195043920 -35 3908505389 46840990.34941764
1466195046923 -35 3926366492 47582025.97402597
1466195049925 -35 3944430759 48139285.809460364
1466195052928 -35 3962176338 47274269.73026973
1466195056423 -35 3982959979 47573427.18168812
1466195058933 -35 3998139814 48381944.22310758
1466195061938 -35 4016000589 47549484.19301165
1466195064944 -35 4034411716 48998341.982701264
1466195067950 -35 4052381225 47823044.577511646
1466195070953 -35 4070063370 47105281.385281384
1466195073963 -35 4085491552 41005134.883720934
1466195076960 -35 4103104987 47016176.176176175
1466195079962 -35 4121250646 48356186.542305134
1466195082968 -35 4133967321 33843446.440452434
1466195085972 -35 4147481018 35988540.61251664
1466195088976 -35 4156989994 25323504.66045273
1466195091980 -35 4173527071 44040151.7976032
1466195094983 -35 4191437190 47712604.72860473
1466195097990 -35 4209093283 46973310.27602261
1466195100991 -35 4226843608 47318427.19093636
1466195104001 -35 4239629885 33983460.465116285
1466195106998 -35 4256720580 45620807.47414081
1466195110003 -35 4271808181 40166658.23627288
1466195113008 -35 4288986112 45731596.67221298
1466195116010 -35 11466561 -11399119389.740173
1466195119410 -35 28607710 40332115.294117644
1466195122019 -35 43939835 47013031.812955156
1466195125022 -35 61763866 47483266.06726606
1466195128027 -35 79200483 46420278.20299501
1466195131034 -35 96795826 46811687.39607582
1466195134039 -35 114541279 47242470.54908486
1466195137039 -35 131910762 46318621.333333336
1466195140043 -35 146769481 39570490.01331558
1466195143055 -35 164129144 46108002.656042494
1466195146048 -35 179334479 40642392.24858002
1466195149052 -35 196664320 46151374.1677763
1466195152055 -35 214336063 47077570.42957043
1466195155061 -35 231571924 45870554.89021956
1466195158065 -35 249090203 46653206.39147803
1466195161068 -35 266920722 47500550.11655012
1466195164070 -35 284404839 46593249.83344437
1466195167074 -35 301608592 45815587.21704394
1466195170078 -35 319534687 47739267.64314248
1466195173082 -35 337268262 47226564.58055925
1466195176085 -35 354676685 46376085.248085245
1466195179089 -35 372086330 46363901.464713715
1466195182410 -35 391547003 46879067.7506775
1466195185096 -35 406952162 45882826.50781832
1466195188099 -35 424420097 46534625.37462537
1466195191108 -35 442212658 47304914.589564644
1466195194104 -35 460403521 48573732.97730307
1466195197107 -35 475055268 39032293.04029304
1466195200112 -35 491903051 44852666.88851914
1466195203116 -35 509074562 45729723.03595206
1466195206120 -35 522769394 36470924.101198405
1466195209125 -35 531634462 23600846.589018304
1466195212129 -35 547671350 42708090.545938745
1466195215129 -35 564899649 45942130.666666664
1466195218135 -35 582522226 46899739.18829009
1466195221140 -35 599450891 45067993.34442596
1466195224142 -35 614287706 39538481.01265823
1466195227147 -35 630732907 43780901.16472546
1466195230150 -35 644967020 37919714.95171495
1466195233153 -35 661656073 44459681.65168165
1466195236155 -35 678851944 45825105.92938042
1466195239158 -35 696213315 46250738.594738595
1466195242164 -35 713925528 47138291.417165674
1466195245423 -35 733102629 47074810.678122126
1466195248170 -35 746517828 39068653.804149985
1466195251173 -35 762916499 43686103.23010323
1466195254175 -35 780036098 45621849.433710866
1466195257178 -35 796974695 45124467.53246753
1466195260184 -35 814575022 46840524.284763806
1466195263187 -35 831968805 46337084.24908425
1466195266190 -35 849401292 46440191.808191806
1466195269192 -35 866814245 46403605.59626916
1466195272196 -35 884031320 45851065.24633822
1466195275198 -35 901502825 46559640.23984011
1466195278202 -35 918807502 46084359.52063915
1466195281205 -35 933745397 39794592.074592076
1466195284209 -35 950828062 45493115.84553928
1466195287212 -35 967762805 45114200.46620046
1466195290218 -35 982745338 39873673.98536261
1466195293223 -35 1000355841 46883202.66222962
1466195296235 -35 1017659154 45958334.66135458
1466195299251 -35 1035349057 46922819.628647216
1466195302264 -35 1050670512 40680929.3063392
1466195305270 -35 1065146497 38525575.5156354
1466195308435 -35 1083146458 45497531.7535545
1466195311274 -35 1097032673 39129876.71715393
1466195314277 -35 1114076710 45405359.97335997
1466195317279 -35 1131413361 46200269.153897405
1466195320281 -35 1148284872 44960722.18520986
1466195323285 -35 1165844545 46763443.40878828
1466195326289 -35 1179741039 37007973.368841544
1466195329292 -35 1190162982 27764083.916083913
1466195332293 -35 1206670933 44006533.82205932
1466195335297 -35 1223831982 45701861.51797603
1466195338301 -35 1240851235 45324242.34354194
1466195341304 -35 1257978582 45627298.035298035
1466195344309 -35 1275507505 46666017.97004992
1466195347312 -35 1293143584 46982561.43856144
1466195350316 -35 1310622841 46549286.28495339
1466195353318 -35 1328159302 46732740.839440376
1466195356323 -35 1345279153 45576974.37603994
1466195359327 -35 1362454884 45740961.38482024
1466195362330 -35 1380014472 46778789.21078921
1466195365333 -35 1397331133 46131631.03563103
1466195368336 -35 1414990946 47045788.87778888
1466195371418 -35 1432743654 46081007.138221934
1466195374343 -35 1447373998 40014616.06837607
1466195377347 -35 1457034893 25728082.556591213
1466195380350 -35 1473591782 44107596.4035964
1466195383354 -35 1490628959 45371976.03195739
1466195386359 -35 1507888664 45949297.83693844
1466195389362 -35 1522909841 40016455.54445554
1466195392367 -35 1537771342 39564728.11980034
1466195395371 -35 1555039283 45986527.29693741
1466195398376 -35 1572180672 45634313.47753744
1466195401378 -35 1589433749 45977553.63091273
1466195404380 -35 1606582538 45699637.57495004
1466195407384 -35 1623902277 46124471.37150466
1466195410388 -35 1641673075 47325693.74167776
1466195413391 -35 1659096346 46415640.35964036
1466195416396 -35 1676110227 45294857.90349418
1466195419399 -35 1693593062 46574319.01431901
1466195422398 -35 1711091559 46678218.0726909
1466195425404 -35 1728677500 46802238.1902861
1466195428408 -35 1746297977 46925371.50466045
1466195431410 -33 1763853546 46783661.5589607
1466195434414 -35 1781042679 45776652.463382155
1466195437418 -35 1798377874 46165632.490013316
1466195440423 -35 1815646779 45973790.34941764
1466195443427 -35 1833106142 46496306.25832224
1466195446432 -35 1846527137 35729770.38269551
1466195449435 -35 1857439080 29069445.22144522
1466195452440 -35 1875033147 46839446.2562396
1466195455442 -35 1892314678 46053380.41305797
1466195458446 -35 1910038979 47201866.84420773
1466195461450 -35 1924403824 38255246.33821571
1466195464454 -35 1941032401 44283826.89747004
1466195467459 -35 1958031124 45254503.82695508
1466195470462 -35 1974990007 45178509.49050949
1466195473466 -35 1992489198 46602372.83621837
1466195476469 -35 2009965045 46555702.96370296
1466195479474 -35 2026975516 45285779.70049917
1466195482479 -35 2043982465 45276403.32778703
1466195485483 -35 2061285626 46080322.23701731
1466195488487 -35 2078729351 46454660.452729695
1466195491495 -35 2093300558 38753210.10638298
1466195494494 -35 2109758767 43903191.73057686
1466195497512 -35 2126550128 44509903.24718357
1466195500503 -35 2143679263 45815138.749582075
1466195503509 -35 2158385316 39137865.60212908
1466195506510 -35 2175025831 44359920.02665778
1466195509513 -35 2192114086 45523156.843156844
1466195512519 -35 2209630921 46618323.35329342
1466195515523 -35 2226926936 46061291.61118509
1466195518525 -35 2243652889 44572826.11592272
1466195521529 -35 2259298960 41667299.60053262
1466195524531 -35 2276463029 45740357.09526982
1466195527533 -35 2293419796 45187920.0532978
1466195530539 -35 2310742603 46101948.10379242
1466195533543 -35 2328214026 46528423.43541944
1466195536546 -35 2345252325 45390073.92607392
1466195539551 -35 2360258390 39949590.68219634
1466195542554 -35 2377059253 44757543.789543785
1466195545559 -35 2394411348 46195261.2312812
1466195548560 -35 2411609927 45847594.801732756
1466195551564 -35 2429307442 47130532.62316911
1466195554568 -35 2446669937 46238335.55259654
1466195557573 -35 2464012326 46169421.630615644
1466195560575 -35 2481874647 47601121.91872086
1466195563580 -35 2499485544 46884251.58069884
1466195566583 -35 2512146169 33727938.72793873
1466195569592 -35 2522865872 28500373.54602858
1466195572589 -35 2540057299 45889695.0283617
1466195575593 -35 2557339360 46024130.49267643
1466195578596 -35 2574461035 45612187.81218781
1466195581599 -35 2592025272 46791174.15917416
1466195584601 -35 2609715261 47141876.0826116
1466195587604 -35 2627666110 47821109.55710956
1466195590606 -35 2645252529 46865873.417721525
1466195593611 -35 2662485722 45878716.80532446
1466195596614 -35 2679535731 45421269.3972694
1466195599619 -35 2696941686 46338648.91846922
1466195602618 -35 2714111883 45802459.486495495
1466195605622 -35 2731633588 46662330.22636484
1466195608625 -35 2749085121 46490930.4029304
1466195611629 -35 2766518064 46425946.73768309
1466195614630 -35 2783782995 46024474.50849717
1466195617633 -35 2801184426 46357458.54145854
1466195620635 -35 2818796435 46934067.95469687
1466195623640 -35 2835983798 45756706.8219634
1466195626646 -35 2853472821 46544306.054557554
1466195629650 -35 2870825676 46212663.11584554
1466195632652 -35 2888454481 46978827.44836776
1466195635656 -35 2905800928 46195597.86950732
1466195638661 -35 2922911981 45553552.07986689
1466195641664 -35 2940521190 46910979.68697969
1466195644667 -35 2957854097 46174910.42291042
1466195647670 -35 2975471750 46933474.525474526
1466195650674 -35 2993106765 46964087.8828229
1466195653678 -35 3010419854 46106761.65113182
1466195656680 -35 3024782075 38273740.173217855
1466195659683 -35 3041845474 45456940.392940395
1466195662687 -35 3059268593 46399784.28761651
1466195665691 -35 3076593044 46137019.97336884
1466195668695 -35 3094097725 46616993.34221039
1466195671697 -35 3111192878 45556703.53097935
1466195674702 -35 3128468299 45991137.437603995
1466195677705 -35 3145418226 45154650.68265068
1466195680709 -35 3162607815 45777866.84420773
1466195683709 -35 3179948260 46241186.666666664
1466195686713 -35 3192556695 33577723.03595206
1466195689716 -35 3202338384 26058445.554445554
1466195692719 -35 3218610481 43348909.75690976
1466195695724 -35 3235687000 45461614.6422629
1466195698727 -35 3253073573 46317876.78987679
1466195701731 -35 3270444912 46261888.14913449
1466195704735 -35 3287653507 45828482.02396804
1466195707737 -35 3305107920 46514091.93870753
1466195710742 -35 3322429219 46113275.20798669
1466195713744 -35 3339547566 45618512.99133911
1466195716749 -35 3356642073 45509502.82861897
1466195719752 -35 3374471550 47497774.22577422
1466195722755 -35 3391561467 45527584.415584415
1466195725760 -35 3408914132 46196778.70216306
1466195728763 -35 3426268259 46231440.55944056
1466195731766 -35 3440820152 38766281.718281716
1466195734769 -35 3457584316 44659777.55577756
1466195737772 -37 3474733611 45685767.565767564
1466195740773 -35 3491951007 45897756.74775075
1466195743777 -35 3509510386 46762660.452729695
1466195746779 -35 3526960339 46502206.52898068
1466195749784 -35 3544389012 46399129.45091514
1466195752789 -35 3561759661 46244656.239600666
1466195755792 -35 3579551848 47398433.566433564
1466195758795 -35 3596829691 46028219.78021978
1466195761799 -35 3613978970 45670516.64447404
1466195764803 -35 3631430061 46474276.96404794
1466195767808 -35 3648724966 46043008.31946755
1466195770812 -35 3664995007 43329003.994673766
1466195773814 -35 3680586490 41549588.27448368
1466195776819 -35 3697901467 46096444.592346095
1466195779824 -35 3715070312 45707407.65391015
1466195782826 -35 3732248553 45778123.91738841
1466195785828 -35 3749452246 45845950.69953365
1466195788832 -35 3767270389 47451778.96138482
1466195791836 -35 3781909475 38985581.89081225
1466195794838 -35 3798828296 45086798.134576954
1466195797841 -35 3815812255 45245312.02131202
1466195800844 -35 3833163816 46224604.72860473
1466195803850 -35 3850713887 46706775.7817698
1466195806853 -35 3862411094 31161390.60939061
